Sample Indices
Indices Size:
5285
Data:
39177
39178
39497
39498
39499
39500
39501
39502
39503
39504
39505
39506
39507
39508
39509
39510
39511
39512
39513
39514
39515
39516
39517
39518
39519
39520
39521
39522
39523
39524
39525
39526
39527
39528
39547
39548
39854
39855
39856
39857
39858
39859
39860
39861
39862
39863
39864
39865
39866
39867
39868
39869
39870
39871
39872
39873
39874
39875
39876
39877
39878
39879
39880
39881
39882
39883
39884
39885
39886
39887
39888
39889
39890
39891
39892
39893
39894
39895
39896
39897
39898
39917
39918
40220
40223
40224
40225
40226
40227
40228
40229
40230
40231
40232
40233
40234
40235
40236
40237
40238
40239
40240
40241
40242
40243
40244
40245
40246
40247
40248
40249
40250
40251
40252
40253
40254
40255
40256
40257
40258
40259
40260
40261
40262
40263
40264
40265
40266
40267
40268
40287
40288
40594
40595
40596
40597
40598
40599
40600
40601
40602
40603
40604
40605
40606
40607
40608
40609
40610
40611
40612
40613
40614
40615
40616
40617
40618
40619
40620
40621
40622
40623
40624
40625
40626
40627
40628
40629
40630
40631
40632
40633
40634
40635
40636
40637
40657
40658
40963
40964
40965
40966
40967
40968
40969
40970
40971
40972
40973
40974
40975
40976
40977
40978
40979
40980
40981
40982
40983
40984
40985
40986
40987
40988
40989
40990
40991
40992
40993
40994
40995
40996
40997
40998
40999
41000
41001
41002
41003
41004
41005
41006
41007
41027
41028
41330
41333
41334
41335
41336
41337
41338
41339
41340
41341
41342
41343
41344
41345
41346
41347
41348
41349
41350
41351
41352
41353
41354
41355
41356
41357
41358
41359
41360
41361
41362
41363
41364
41365
41366
41367
41368
41369
41370
41371
41372
41373
41374
41375
41376
41377
41397
41398
41704
41705
41706
41707
41708
41709
41710
41711
41712
41713
41714
41715
41716
41717
41718
41719
41720
41721
41722
41723
41724
41725
41726
41727
41728
41729
41730
41731
41732
41733
41734
41735
41736
41737
41738
41739
41740
41741
41742
41743
41744
41745
41746
41767
41768
42074
42075
42076
42077
42078
42079
42080
42081
42082
42083
42084
42085
42086
42087
42088
42089
42090
42091
42092
42093
42094
42095
42096
42097
42098
42099
42100
42101
42102
42103
42104
42105
42106
42107
42108
42109
42110
42111
42112
42113
42114
42115
42116
42137
42138
42440
42443
42444
42445
42446
42447
42448
42449
42450
42451
42452
42453
42454
42455
42456
42457
42458
42459
42460
42461
42462
42463
42464
42465
42466
42467
42468
42469
42470
42471
42472
42473
42474
42475
42476
42477
42478
42479
42480
42481
42482
42483
42484
42485
42486
42507
42508
42810
42813
42814
42815
42816
42817
42818
42819
42820
42821
42822
42823
42824
42825
42826
42827
42828
42829
42830
42831
42832
42833
42834
42835
42836
42837
42838
42839
42840
42841
42842
42843
42844
42845
42846
42847
42848
42849
42850
42851
42852
42853
42854
42855
42877
42878
43180
43184
43185
43186
43187
43188
43189
43190
43191
43192
43193
43194
43195
43196
43197
43198
43199
43200
43201
43202
43203
43204
43205
43206
43207
43208
43209
43210
43211
43212
43213
43214
43215
43216
43217
43218
43219
43220
43221
43222
43223
43224
43247
43248
43555
43556
43557
43558
43559
43560
43561
43562
43563
43564
43565
43566
43567
43568
43569
43570
43571
43572
43573
43574
43575
43576
43577
43578
43579
43580
43581
43582
43583
43584
43585
43586
43587
43588
43589
43590
43591
43592
43593
43594
43617
43618
43921
43924
43925
43926
43927
43928
43929
43930
43931
43932
43933
43934
43935
43936
43937
43938
43939
43940
43941
43942
43943
43944
43945
43946
43947
43948
43949
43950
43951
43952
43953
43954
43955
43956
43957
43958
43959
43960
43961
43962
43963
43964
43965
43987
43988
44294
44295
44296
44297
44298
44299
44300
44301
44302
44303
44304
44305
44306
44307
44308
44309
44310
44311
44312
44313
44314
44315
44316
44317
44318
44319
44320
44321
44322
44323
44324
44325
44326
44327
44328
44329
44330
44331
44332
44333
44334
44357
44358
44661
44664
44665
44666
44667
44668
44669
44670
44671
44672
44673
44674
44675
44676
44677
44678
44679
44680
44681
44682
44683
44684
44685
44686
44687
44688
44689
44690
44691
44692
44693
44694
44695
44696
44697
44698
44699
44700
44701
44702
44703
44704
44727
44728
45031
45034
45035
45036
45037
45038
45039
45040
45041
45042
45043
45044
45045
45046
45047
45048
45049
45050
45051
45052
45053
45054
45055
45056
45057
45058
45059
45060
45061
45062
45063
45064
45065
45066
45067
45068
45069
45070
45071
45072
45073
45097
45098
45400
45404
45405
45406
45407
45408
45409
45410
45411
45412
45413
45414
45415
45416
45417
45418
45419
45420
45421
45422
45423
45424
45425
45426
45427
45428
45429
45430
45431
45432
45433
45434
45435
45436
45437
45438
45439
45440
45441
45442
45443
45444
45463
45464
45465
45466
45467
45468
45770
45774
45775
45776
45777
45778
45779
45780
45781
45782
45783
45784
45785
45786
45787
45788
45789
45790
45791
45792
45793
45794
45795
45796
45797
45798
45799
45800
45801
45802
45803
45804
45805
45806
45807
45808
45809
45810
45811
45812
45813
45837
45838
46141
46145
46146
46147
46148
46149
46150
46151
46152
46153
46154
46155
46156
46157
46158
46159
46160
46161
46162
46163
46164
46165
46166
46167
46168
46169
46170
46171
46172
46173
46174
46175
46176
46177
46178
46179
46180
46181
46182
46207
46208
46511
46515
46516
46517
46518
46519
46520
46521
46522
46523
46524
46525
46526
46527
46528
46529
46530
46531
46532
46533
46534
46535
46536
46537
46538
46539
46540
46541
46542
46543
46544
46545
46546
46547
46548
46549
46550
46551
46552
46553
46577
46578
46881
46885
46886
46887
46888
46889
46890
46891
46892
46893
46894
46895
46896
46897
46898
46899
46900
46901
46902
46903
46904
46905
46906
46907
46908
46909
46910
46911
46912
46913
46914
46915
46916
46917
46918
46919
46920
46921
46922
46947
46948
46949
47251
47255
47256
47257
47258
47259
47260
47261
47262
47263
47264
47265
47266
47267
47268
47269
47270
47271
47272
47273
47274
47275
47276
47277
47278
47279
47280
47281
47282
47283
47284
47285
47286
47287
47288
47289
47290
47291
47292
47318
47319
47621
47625
47626
47627
47628
47629
47630
47631
47632
47633
47634
47635
47636
47637
47638
47639
47640
47641
47642
47643
47644
47645
47646
47647
47648
47649
47650
47651
47652
47653
47654
47655
47656
47657
47658
47659
47660
47661
47662
47663
47684
47685
47686
47687
47991
47992
47995
47996
47997
47998
47999
48000
48001
48002
48003
48004
48005
48006
48007
48008
48009
48010
48011
48012
48013
48014
48015
48016
48017
48018
48019
48020
48021
48022
48023
48024
48025
48026
48027
48028
48029
48030
48031
48058
48059
48361
48362
48365
48366
48367
48368
48369
48370
48371
48372
48373
48374
48375
48376
48377
48378
48379
48380
48381
48382
48383
48384
48385
48386
48387
48388
48389
48390
48391
48392
48393
48394
48395
48396
48397
48398
48399
48400
48401
48402
48425
48426
48427
48732
48736
48737
48738
48739
48740
48741
48742
48743
48744
48745
48746
48747
48748
48749
48750
48751
48752
48753
48754
48755
48756
48757
48758
48759
48760
48761
48762
48763
48764
48765
48766
48767
48768
48769
48770
48771
48779
48798
48799
49102
49106
49107
49108
49109
49110
49111
49112
49113
49114
49115
49116
49117
49118
49119
49120
49121
49122
49123
49124
49125
49126
49127
49128
49129
49130
49131
49132
49133
49134
49135
49136
49137
49138
49139
49140
49141
49149
49168
49169
49472
49476
49477
49478
49479
49480
49481
49482
49483
49484
49485
49486
49487
49488
49489
49490
49491
49492
49493
49494
49495
49496
49497
49498
49499
49500
49501
49502
49503
49504
49505
49506
49507
49508
49509
49510
49511
49512
49518
49538
49539
49540
49843
49847
49848
49849
49850
49851
49852
49853
49854
49855
49856
49857
49858
49859
49860
49861
49862
49863
49864
49865
49866
49867
49868
49869
49870
49871
49872
49873
49874
49875
49876
49877
49878
49879
49880
49881
49888
49889
49909
49910
50213
50214
50216
50217
50218
50219
50220
50221
50222
50223
50224
50225
50226
50227
50228
50229
50230
50231
50232
50233
50234
50235
50236
50237
50238
50239
50240
50241
50242
50243
50244
50245
50246
50247
50248
50249
50250
50251
50259
50279
50280
50583
50587
50588
50589
50590
50591
50592
50593
50594
50595
50596
50597
50598
50599
50600
50601
50602
50603
50604
50605
50606
50607
50608
50609
50610
50611
50612
50613
50614
50615
50616
50617
50618
50619
50620
50629
50630
50646
50647
50648
50649
50650
50953
50954
50957
50958
50959
50960
50961
50962
50963
50964
50965
50966
50967
50968
50969
50970
50971
50972
50973
50974
50975
50976
50977
50978
50979
50980
50981
50982
50983
50984
50985
50986
50987
50988
50989
50990
50991
50999
51000
51019
51020
51323
51324
51327
51328
51329
51330
51331
51332
51333
51334
51335
51336
51337
51338
51339
51340
51341
51342
51343
51344
51345
51346
51347
51348
51349
51350
51351
51352
51353
51354
51355
51356
51357
51358
51359
51360
51368
51386
51387
51388
51389
51390
51391
51694
51695
51698
51699
51700
51701
51702
51703
51704
51705
51706
51707
51708
51709
51710
51711
51712
51713
51714
51715
51716
51717
51718
51719
51720
51721
51722
51723
51724
51725
51726
51727
51728
51729
51730
51760
51761
52063
52068
52069
52070
52071
52072
52073
52074
52075
52076
52077
52078
52079
52080
52081
52082
52083
52084
52085
52086
52087
52088
52089
52090
52091
52092
52093
52094
52095
52096
52097
52099
52100
52118
52119
52129
52130
52429
52430
52434
52435
52436
52437
52438
52439
52440
52441
52442
52443
52444
52445
52446
52447
52448
52449
52450
52451
52452
52453
52454
52455
52456
52457
52458
52459
52460
52461
52462
52463
52464
52475
52485
52486
52495
52496
52794
52795
52797
52798
52799
52800
52801
52802
52803
52804
52805
52806
52807
52808
52809
52810
52811
52812
52813
52814
52815
52816
52817
52818
52819
52820
52821
52822
52823
52824
52825
52826
52827
52829
52848
52849
52859
52860
52861
53156
53157
53160
53161
53162
53163
53164
53165
53166
53167
53168
53169
53170
53171
53172
53173
53174
53175
53176
53177
53178
53179
53180
53181
53182
53183
53184
53185
53186
53187
53189
53190
53219
53220
53222
53223
53518
53522
53523
53524
53525
53526
53527
53528
53529
53530
53531
53532
53533
53534
53535
53536
53537
53538
53539
53540
53541
53542
53543
53544
53545
53546
53547
53548
53549
53552
53569
53570
53575
53576
53583
53584
53879
53880
53884
53885
53886
53887
53888
53889
53890
53891
53892
53893
53894
53895
53896
53897
53898
53899
53900
53901
53902
53903
53904
53905
53906
53907
53908
53909
53911
53931
53932
53936
53937
53938
53942
53944
53945
54241
54245
54246
54247
54248
54249
54250
54251
54252
54253
54254
54255
54256
54257
54258
54259
54260
54261
54262
54263
54264
54265
54267
54268
54270
54271
54298
54299
54306
54307
54602
54606
54607
54608
54609
54610
54611
54612
54613
54614
54615
54616
54617
54618
54619
54620
54621
54622
54624
54625
54627
54628
54630
54633
54654
54659
54660
54667
54668
54963
54964
54967
54968
54969
54970
54971
54972
54973
54974
54975
54976
54977
54978
54979
54980
54981
54982
54983
54984
54985
54987
54990
55015
55020
55021
55022
55028
55029
55324
55328
55329
55330
55331
55332
55333
55334
55335
55336
55337
55338
55339
55340
55341
55342
55343
55345
55346
55348
55349
55351
55375
55376
55381
55382
55389
55390
55684
55685
55688
55689
55690
55691
55692
55693
55694
55695
55696
55697
55698
55699
55700
55701
55702
55704
55705
55707
55708
55710
55736
55741
55742
55747
55748
55749
55750
56045
56046
56048
56049
56050
56051
56052
56053
56054
56055
56056
56057
56058
56059
56060
56061
56064
56066
56096
56097
56101
56102
56109
56110
56406
56409
56410
56411
56412
56413
56414
56415
56417
56418
56419
56420
56423
56425
56457
56458
56460
56467
56468
56470
56471
56766
56770
56771
56772
56773
56774
56776
56777
56779
56782
56830
56831
57127
57131
57132
57133
57135
57136
57138
57141
57190
57191
57487
57491
57492
57494
57495
57497
57500
57551
57552
57849
57852
57853
57855
57858
57860
57912
57913
58212
58217
58220
58274
58275
58276
58277
58579
58638
58639
58937
58999
59000
59361
59362
59722
59723
60085
60086
60447
60448
60810
61172
61173
61534
61535
61897
61898
62260
62261
62606
62607
62608
62968
62969
63330
63331
63332
63693
63694
64055
64417
65145
65507
65508
65870
65871
65872
66234
66235
66236
66598
66599
66600
66962
66963
66964
67327
67328
67329
67691
67692
67693
68054
68055
68056
195965
195966
195970
195971
195972
196290
196291
196292
196294
196295
196296
196297
196298
196299
196300
196630
196631
196632
196634
196635
196636
196637
196638
196969
196970
196973
196974
196975
196976
196977
196978
197313
197314
197317
197318
197319
197320
197321
197322
197323
197659
197660
197663
197664
197665
197666
197667
197668
197669
197998
197999
198000
198003
198004
198005
198006
198007
198008
198009
198346
198347
198348
198351
198352
198353
198354
198355
198356
198357
198693
198694
198695
198698
198699
198700
198701
198702
198703
198704
199029
199030
199035
199036
199037
199038
199039
199040
199364
199365
199370
199371
199372
199373
199374
199375
199376
199702
199703
199704
199709
199710
199711
199712
199713
199714
199715
200044
200045
200046
200047
200048
200049
200050
200051
200052
200053
200058
200059
200060
200061
200062
200063
200064
200390
200391
200392
200393
200394
200395
200396
200397
200398
200399
200403
200404
200405
200406
200407
200408
200409
200410
200735
200736
200737
200738
200739
200740
200741
200742
200743
200748
200749
200750
200751
200752
200753
200754
201081
201082
201083
201084
201085
201086
201087
201088
201089
201094
201095
201096
201097
201098
201099
201100
201416
201417
201418
201419
201420
201421
201422
201423
201424
201429
201430
201431
201432
201433
201434
201435
201748
201749
201750
201751
201752
201753
201754
201755
201756
201761
201762
201763
201764
201765
201766
201767
202080
202081
202082
202083
202084
202085
202086
202087
202088
202093
202094
202095
202096
202097
202098
202099
202405
202406
202407
202408
202409
202410
202411
202412
202413
202418
202419
202420
202421
202422
202423
202424
202425
202735
202736
202737
202738
202739
202740
202741
202742
202743
202748
202749
202750
202751
202752
202753
202754
203069
203070
203071
203072
203073
203074
203075
203076
203077
203082
203083
203084
203085
203086
203087
203088
203089
203400
203401
203402
203404
203405
203406
203407
203408
203413
203414
203415
203416
203417
203418
203419
203420
203740
203741
203744
203745
203746
203747
203748
203754
203755
203756
203757
203758
203759
203760
204082
204087
204088
204089
204095
204096
204097
204098
204099
204100
204101
204427
204428
204433
204434
204447
204448
204777
204778
204791
204792
205124
205125
205132
205133
205134
205135
205136
205137
205138
205473
205474
205481
205482
205483
205484
205485
205486
205487
205819
205820
205827
205828
205829
205830
206162
206163
206502
206503
218974
218975
219332
219333
219690
219691
219692
220049
220050
220409
220410
220769
220770
221130
221131
221491
221492
221853
221854
222214
222215
222216
222577
222578
222941
222942
223304
223305
223634
223635
223636
223667
223668
223997
223998
224029
224030
224391
224392
224753
224754
225114
225115
225443
225475
225476
226132
226470
226471
226512
226513
226816
226817
226818
226820
226821
226858
226859
227172
227173
227174
227175
227176
227177
227181
227520
227521
227522
227523
227524
227525
227526
227527
227528
227529
227874
227875
227876
227877
227878
227879
227880
227881
227882
227885
227886
228234
228235
228236
228237
228238
228239
228240
228241
228242
228243
228244
228245
228246
228249
228250
228598
228599
228600
228601
228602
228603
228604
228605
228606
228607
228608
228609
228610
228611
228612
228613
228614
228617
228618
228619
228640
228962
228963
228964
228965
228966
228967
228968
228969
228970
228971
228972
228973
228974
228975
228976
228977
228978
228979
228980
228981
228985
228986
229326
229327
229328
229329
229330
229331
229332
229333
229334
229335
229336
229337
229338
229339
229340
229341
229342
229343
229344
229346
229347
229348
229349
229690
229691
229692
229693
229694
229695
229696
229697
229698
229699
229700
229701
229702
229703
229704
229705
229706
229707
229708
229709
229710
229711
229712
229713
229714
229715
229716
230053
230054
230055
230056
230057
230058
230059
230060
230061
230062
230063
230064
230065
230066
230067
230068
230069
230070
230071
230072
230073
230074
230075
230076
230077
230078
230079
230080
230081
230082
230097
230098
230410
230411
230412
230436
230437
230438
230439
230440
230441
230442
230443
230460
230461
230462
230772
230773
230774
230805
230806
230807
230808
230824
230825
230826
231134
231135
231136
231171
231172
231173
231498
231499
231500
231534
231535
231536
231537
231865
231897
231898
231902
231903
232226
232227
232228
232229
232230
232231
232232
232233
232234
232235
232236
232237
232238
232239
232240
232241
232242
232243
232246
232247
232258
232259
232260
232261
232262
232289
232588
232589
232590
232591
232592
232593
232594
232595
232596
232597
232598
232599
232600
232601
232602
232605
232606
232607
232608
232609
232610
232611
232612
232620
232621
232622
232623
232624
232625
232626
232632
232949
232950
232951
232952
232953
232954
232955
232956
232957
232958
232959
232960
232961
232964
232965
232966
232967
232968
232969
232970
232971
232972
232973
232974
232975
232976
232977
232978
232979
232980
232981
232982
232983
232984
232985
232986
232987
232988
232989
233012
233310
233311
233312
233313
233314
233315
233316
233317
233318
233319
233320
233323
233324
233325
233326
233327
233328
233329
233330
233331
233332
233333
233334
233335
233336
233337
233338
233339
233340
233341
233342
233343
233344
233345
233346
233347
233348
233349
233350
233351
233352
233353
233373
233374
233672
233673
233674
233675
233676
233677
233678
233679
233680
233681
233682
233683
233684
233685
233686
233687
233688
233689
233690
233691
233692
233693
233694
233695
233696
233697
233698
233699
233700
233701
233702
233703
233704
233705
233706
233707
233708
233709
233710
233711
233712
233713
233714
233715
233716
233735
234032
234033
234034
234035
234036
234037
234038
234039
234040
234041
234042
234043
234044
234045
234046
234047
234048
234049
234050
234051
234052
234053
234054
234055
234056
234057
234058
234059
234060
234061
234062
234063
234064
234065
234066
234067
234068
234069
234070
234071
234072
234073
234074
234075
234076
234077
234095
234096
234392
234393
234394
234395
234396
234397
234398
234399
234400
234401
234402
234403
234404
234405
234406
234407
234408
234409
234410
234411
234412
234413
234414
234415
234416
234417
234418
234419
234420
234421
234422
234423
234424
234425
234426
234427
234428
234429
234430
234431
234432
234433
234434
234435
234436
234437
234456
234457
234753
234754
234755
234756
234757
234758
234759
234760
234761
234762
234763
234764
234765
234766
234767
234768
234769
234770
234771
234772
234773
234774
234775
234776
234777
234778
234779
234780
234781
234782
234783
234784
234785
234786
234787
234788
234789
234790
234791
234792
234793
234794
234795
234796
234797
234798
234816
234817
235113
235114
235115
235116
235117
235118
235119
235120
235121
235122
235123
235124
235125
235126
235127
235128
235129
235130
235131
235132
235133
235134
235135
235136
235137
235138
235139
235140
235141
235142
235143
235144
235145
235146
235147
235148
235149
235150
235151
235152
235153
235154
235155
235156
235157
235158
235176
235177
235474
235475
235476
235477
235478
235479
235480
235481
235482
235483
235484
235485
235486
235487
235488
235489
235490
235491
235492
235493
235494
235495
235496
235497
235498
235499
235500
235501
235502
235503
235504
235505
235506
235507
235508
235509
235510
235511
235512
235513
235514
235515
235516
235517
235518
235519
235537
235538
235834
235836
235837
235838
235839
235840
235841
235842
235843
235844
235845
235846
235847
235848
235849
235850
235851
235852
235853
235854
235855
235856
235857
235858
235859
235860
235861
235862
235863
235864
235865
235866
235867
235868
235869
235870
235871
235872
235873
235874
235875
235876
235877
235878
235879
235880
235898
235899
236196
236197
236198
236199
236200
236201
236202
236203
236204
236205
236206
236207
236208
236209
236210
236211
236212
236213
236214
236215
236216
236217
236218
236219
236220
236221
236222
236223
236224
236225
236226
236227
236228
236229
236230
236231
236232
236233
236234
236235
236236
236237
236238
236239
236240
236554
236556
236557
236558
236559
236560
236561
236562
236563
236564
236565
236566
236567
236568
236569
236570
236571
236572
236573
236574
236575
236576
236577
236578
236579
236580
236581
236582
236583
236584
236585
236586
236587
236588
236589
236590
236591
236592
236593
236594
236595
236596
236597
236598
236599
236600
236601
236602
236603
236914
236915
236916
236917
236918
236919
236920
236921
236922
236923
236924
236925
236926
236927
236928
236929
236930
236931
236932
236933
236934
236935
236936
236937
236938
236939
236940
236941
236942
236943
236944
236945
236946
236947
236948
236949
236950
236951
236952
236953
236954
236955
236956
236957
236958
236959
236960
236961
236962
237274
237275
237276
237277
237278
237279
237280
237281
237282
237283
237284
237285
237286
237287
237288
237289
237290
237291
237292
237293
237294
237295
237296
237297
237298
237299
237300
237301
237302
237303
237304
237305
237307
237308
237309
237310
237311
237312
237313
237314
237315
237316
237317
237318
237319
237320
237321
237322
237633
237635
237636
237637
237638
237639
237640
237641
237642
237643
237644
237645
237646
237647
237648
237649
237650
237651
237652
237653
237654
237655
237656
237657
237658
237659
237660
237661
237662
237663
237664
237665
237666
237667
237668
237669
237670
237671
237672
237673
237674
237675
237676
237677
237678
237993
237995
237996
237997
237998
237999
238000
238001
238002
238003
238004
238005
238006
238007
238008
238009
238010
238011
238012
238013
238014
238015
238016
238017
238018
238019
238020
238021
238022
238023
238024
238025
238026
238027
238028
238029
238030
238031
238032
238033
238034
238035
238036
238037
238038
238039
238058
238059
238355
238356
238357
238358
238359
238360
238361
238362
238363
238364
238365
238366
238367
238368
238369
238370
238371
238372
238373
238374
238375
238376
238377
238378
238379
238380
238381
238382
238383
238384
238385
238386
238387
238388
238389
238390
238391
238392
238393
238394
238395
238396
238397
238398
238399
238418
238419
238712
238715
238716
238717
238718
238719
238720
238721
238722
238723
238724
238725
238726
238727
238728
238729
238730
238731
238732
238733
238734
238735
238736
238737
238738
238739
238740
238741
238742
238743
238744
238745
238746
238747
238748
238749
238750
238751
238752
238753
238754
238755
238756
238757
238758
238759
238777
238778
239075
239076
239077
239078
239079
239080
239081
239082
239083
239084
239085
239086
239087
239088
239089
239090
239091
239092
239093
239094
239095
239096
239097
239098
239099
239100
239101
239102
239103
239104
239105
239106
239107
239108
239109
239110
239111
239112
239113
239114
239115
239116
239117
239118
239137
239138
239434
239435
239436
239437
239438
239439
239440
239441
239442
239443
239444
239445
239446
239447
239448
239449
239450
239451
239452
239453
239454
239455
239456
239457
239458
239459
239460
239461
239462
239463
239464
239465
239466
239467
239468
239469
239470
239471
239472
239473
239474
239475
239476
239477
239478
239497
239498
239792
239794
239795
239797
239798
239799
239800
239801
239802
239803
239804
239805
239806
239807
239808
239809
239810
239811
239812
239813
239814
239815
239816
239817
239818
239819
239820
239821
239822
239823
239824
239825
239826
239827
239828
239829
239830
239831
239832
239833
239834
239835
239836
239837
239838
239839
239858
239859
240155
240156
240157
240159
240160
240161
240162
240163
240164
240165
240166
240167
240168
240169
240170
240171
240172
240173
240174
240175
240176
240177
240178
240179
240180
240181
240182
240183
240184
240185
240186
240187
240188
240189
240190
240191
240192
240193
240194
240195
240196
240197
240198
240199
240200
240218
240219
240517
240518
240519
240520
240521
240522
240523
240524
240525
240526
240527
240528
240529
240530
240531
240532
240533
240534
240535
240536
240537
240538
240539
240540
240541
240542
240543
240544
240545
240546
240547
240548
240549
240550
240551
240552
240553
240554
240555
240556
240557
240558
240559
240560
240561
240579
240580
240879
240880
240881
240882
240883
240884
240885
240886
240887
240888
240889
240890
240891
240892
240893
240894
240895
240896
240897
240898
240899
240900
240901
240902
240903
240904
240905
240906
240907
240908
240909
240910
240911
240912
240913
240914
240915
240916
240917
240918
240919
240920
240921
240940
240941
241237
241238
241241
241242
241243
241244
241245
241246
241247
241248
241249
241250
241251
241252
241253
241254
241255
241256
241257
241258
241259
241260
241261
241262
241263
241264
241265
241266
241267
241268
241269
241270
241271
241272
241273
241274
241275
241276
241277
241278
241279
241280
241281
241282
241301
241302
241598
241599
241600
241602
241603
241604
241605
241606
241607
241608
241609
241610
241611
241612
241613
241614
241615
241616
241617
241618
241619
241620
241621
241622
241623
241624
241625
241626
241627
241628
241629
241630
241631
241632
241633
241634
241635
241636
241637
241638
241639
241640
241641
241642
241643
241661
241662
241663
241963
241964
241965
241968
241969
241970
241971
241972
241973
241974
241975
241976
241977
241978
241979
241980
241981
241982
241983
241984
241985
241986
241987
241988
241989
241990
241991
241992
241993
241994
241995
241996
241997
241998
241999
242000
242001
242002
242003
242004
242005
242006
242007
242025
242026
242329
242330
242333
242334
242335
242337
242338
242339
242340
242341
242342
242343
242344
242345
242346
242347
242348
242349
242350
242351
242352
242353
242354
242355
242356
242357
242358
242359
242360
242361
242362
242363
242364
242365
242366
242367
242368
242369
242370
242371
242372
242390
242391
242694
242695
242696
242698
242699
242700
242701
242702
242703
242704
242705
242706
242707
242708
242709
242710
242711
242712
242713
242714
242715
242716
242717
242718
242719
242720
242721
242722
242723
242724
242725
242726
242727
242728
242729
242730
242731
242732
242733
242734
242735
242736
242737
242738
242756
242757
243061
243062
243065
243066
243067
243069
243070
243071
243072
243074
243075
243076
243077
243078
243079
243080
243081
243082
243083
243084
243085
243086
243087
243088
243089
243090
243091
243092
243093
243094
243095
243096
243097
243098
243099
243100
243101
243102
243103
243104
243105
243124
243125
243432
243433
243434
243437
243438
243439
243440
243441
243442
243443
243444
243445
243446
243447
243448
243449
243450
243451
243452
243453
243454
243455
243456
243457
243458
243459
243460
243461
243462
243463
243464
243465
243466
243467
243468
243469
243470
243471
243472
243473
243474
243493
243494
243800
243801
243802
243805
243806
243807
243808
243809
243810
243811
243812
243813
243814
243815
243816
243817
243818
243819
243820
243821
243822
243823
243824
243825
243826
243827
243828
243829
243830
243831
243832
243833
243834
243835
243836
243837
243838
243839
243840
243841
243842
243843
243844
243863
243864
244169
244173
244174
244175
244177
244178
244179
244180
244181
244182
244183
244184
244185
244186
244187
244188
244189
244190
244191
244192
244193
244194
244195
244196
244197
244198
244199
244200
244201
244202
244203
244204
244205
244206
244207
244208
244209
244210
244211
244212
244213
244214
244233
244234
244541
244542
244546
244547
244548
244549
244550
244551
244552
244553
244554
244555
244556
244557
244558
244559
244560
244561
244562
244563
244564
244565
244566
244567
244568
244569
244570
244571
244572
244573
244574
244575
244576
244577
244578
244579
244580
244581
244582
244583
244584
244602
244603
244604
244909
244913
244914
244915
244918
244919
244920
244921
244922
244923
244924
244925
244926
244927
244928
244929
244930
244931
244932
244933
244934
244935
244936
244937
244938
244939
244940
244941
244942
244943
244944
244945
244946
244947
244948
244949
244950
244951
244952
244953
244954
244972
244973
244974
245281
245282
245283
245286
245287
245288
245289
245291
245292
245293
245294
245295
245296
245297
245298
245299
245300
245301
245302
245303
245304
245305
245306
245307
245308
245309
245310
245311
245312
245313
245314
245315
245316
245317
245318
245319
245320
245321
245322
245323
245324
245342
245343
245344
245649
245651
245654
245655
245656
245657
245659
245660
245661
245662
245663
245664
245665
245666
245667
245668
245669
245670
245671
245672
245673
245674
245675
245676
245677
245678
245679
245680
245681
245682
245683
245684
245685
245686
245687
245688
245689
245690
245691
245692
245693
245694
245712
245713
245714
246019
246023
246024
246025
246026
246028
246029
246030
246031
246032
246033
246034
246035
246036
246037
246038
246039
246040
246041
246042
246043
246044
246045
246046
246047
246048
246049
246050
246051
246052
246053
246054
246055
246056
246057
246058
246059
246060
246061
246062
246063
246064
246082
246083
246389
246393
246394
246395
246398
246399
246400
246401
246402
246403
246404
246405
246406
246407
246408
246409
246410
246411
246412
246413
246414
246415
246416
246417
246418
246419
246420
246421
246422
246423
246424
246425
246426
246427
246428
246429
246430
246431
246432
246433
246434
246452
246453
246762
246763
246764
246765
246768
246769
246770
246771
246772
246773
246774
246775
246776
246777
246778
246779
246780
246781
246782
246783
246784
246785
246786
246787
246788
246789
246790
246791
246792
246793
246794
246795
246796
246797
246798
246799
246800
246801
246802
246803
246822
246823
247132
247133
247134
247135
247138
247139
247140
247141
247142
247143
247144
247145
247146
247147
247148
247149
247150
247151
247152
247153
247154
247155
247156
247157
247158
247159
247160
247161
247162
247163
247164
247165
247166
247167
247168
247169
247170
247171
247172
247173
247174
247192
247193
247503
247504
247505
247506
247509
247510
247511
247512
247513
247514
247515
247516
247517
247518
247519
247520
247521
247522
247523
247524
247525
247526
247527
247528
247529
247530
247531
247532
247533
247534
247535
247536
247537
247538
247539
247540
247541
247542
247543
247562
247563
247872
247873
247874
247875
247876
247877
247879
247880
247881
247882
247883
247884
247885
247886
247887
247888
247889
247890
247891
247892
247893
247894
247895
247896
247897
247898
247899
247900
247901
247902
247903
247904
247905
247906
247907
247908
247909
247910
247911
247912
247913
247932
247933
248243
248244
248245
248246
248247
248248
248250
248251
248252
248253
248254
248255
248256
248257
248258
248259
248260
248261
248262
248263
248264
248265
248266
248267
248268
248269
248270
248271
248272
248273
248274
248275
248276
248277
248278
248279
248280
248281
248282
248283
248302
248303
248608
248609
248614
248615
248616
248617
248618
248619
248620
248621
248622
248623
248624
248625
248626
248627
248628
248629
248630
248631
248632
248633
248634
248635
248636
248637
248638
248639
248640
248641
248642
248643
248644
248645
248646
248647
248648
248649
248650
248651
248652
248653
248672
248673
248978
248979
248980
248985
248986
248987
248988
248989
248990
248991
248992
248993
248994
248995
248996
248997
248998
248999
249000
249001
249002
249003
249004
249005
249006
249007
249008
249009
249010
249011
249012
249013
249014
249015
249016
249017
249018
249019
249020
249021
249022
249023
249042
249043
249348
249349
249350
249351
249355
249356
249357
249358
249359
249360
249361
249363
249364
249365
249366
249367
249368
249369
249370
249371
249372
249373
249374
249375
249376
249377
249378
249379
249380
249381
249382
249383
249384
249385
249386
249387
249388
249389
249390
249391
249392
249393
249411
249412
249413
249718
249719
249720
249721
249726
249727
249728
249729
249730
249731
249732
249733
249734
249735
249736
249737
249738
249739
249740
249741
249742
249743
249744
249745
249746
249747
249748
249749
249750
249751
249752
249753
249754
249755
249756
249757
249758
249759
249760
249761
249762
249763
249781
249782
249783
250089
250090
250094
250095
250096
250097
250098
250099
250100
250101
250102
250103
250104
250105
250106
250107
250108
250109
250110
250111
250112
250113
250114
250115
250116
250117
250118
250119
250120
250121
250122
250123
250124
250125
250126
250127
250128
250129
250130
250131
250132
250133
250151
250152
250153
251578
251579
251580
251581
251582
251583
251584
251585
251586
251587
251588
251589
251590
251591
251592
251593
251594
251595
251596
251597
251598
251599
251600
251601
251602
251603
251604
251605
251606
251607
251608
251609
251610
251611
251612
251613
251631
251632
251942
251943
251944
251945
251946
251947
251948
251949
251950
251951
251952
251953
251954
251955
251956
251957
251958
251959
251960
251961
251962
251963
251964
251965
251966
251967
251968
251969
251970
251971
251972
251973
251974
251975
251976
251977
251978
251979
251980
251981
251982
251983
252001
252002
252305
252308
252309
252310
252311
252312
252313
252314
252315
252317
252318
252319
252320
252321
252322
252323
252324
252325
252326
252327
252328
252329
252330
252331
252332
252333
252334
252335
252336
252337
252338
252339
252340
252341
252342
252343
252344
252345
252346
252347
252348
252349
252350
252351
252352
252371
252372
252680
252681
252682
252683
252684
252685
252686
252687
252688
252689
252690
252691
252692
252693
252694
252695
252696
252697
252698
252699
252700
252701
252702
252703
252704
252705
252706
252707
252708
252709
252710
252711
252712
252713
252714
252715
252716
252717
252718
252719
252720
252721
252722
252723
252741
252742
253045
253048
253049
253050
253055
253056
253057
253058
253059
253060
253061
253062
253063
253064
253065
253066
253067
253068
253069
253070
253071
253072
253073
253074
253075
253076
253077
253078
253079
253080
253081
253082
253083
253084
253085
253086
253087
253088
253089
253090
253091
253092
253111
253112
253419
253420
253421
253422
253423
253424
253425
253426
253427
253428
253429
253430
253431
253432
253433
253434
253435
253436
253437
253438
253439
253440
253441
253442
253443
253444
253445
253446
253447
253448
253449
253450
253451
253452
253453
253454
253455
253456
253457
253458
253459
253460
253461
253462
253481
253482
253785
253788
253789
253792
253794
253795
253796
253797
253798
253799
253800
253801
253802
253803
253804
253805
253806
253807
253808
253809
253810
253811
253812
253813
253814
253815
253816
253817
253818
253819
253820
253821
253822
253823
253824
253825
253826
253827
253828
253829
253830
253831
253832
253833
253851
253852
254159
254160
254161
254162
254163
254164
254165
254166
254167
254168
254169
254170
254171
254172
254173
254174
254175
254176
254177
254178
254179
254180
254181
254182
254183
254184
254185
254186
254187
254188
254189
254190
254191
254192
254193
254194
254195
254196
254197
254198
254199
254200
254201
254202
254221
254222
254525
254528
254529
254530
254531
254532
254533
254534
254535
254536
254537
254538
254539
254540
254541
254542
254543
254544
254545
254546
254547
254548
254549
254550
254551
254552
254553
254554
254555
254556
254557
254558
254559
254560
254561
254562
254563
254564
254565
254566
254567
254568
254569
254570
254571
254591
254592
254901
254903
254904
254905
254906
254907
254908
254909
254910
254911
254912
254913
254914
254915
254916
254917
254918
254919
254920
254921
254922
254923
254924
254925
254926
254927
254928
254929
254930
254931
254932
254933
254934
254935
254936
254937
254938
254939
254940
254941
254961
254962
Coefficient of the plane:
0.0654262 -0.00519922 0.997844 -7.88132
Inliers Indices
Indices Size:
5285
Data:
39177
39178
39497
39498
39499
39500
39501
39502
39503
39504
39505
39506
39507
39508
39509
39510
39511
39512
39513
39514
39515
39516
39517
39518
39519
39520
39521
39522
39523
39524
39525
39526
39527
39528
39547
39548
39854
39855
39856
39857
39858
39859
39860
39861
39862
39863
39864
39865
39866
39867
39868
39869
39870
39871
39872
39873
39874
39875
39876
39877
39878
39879
39880
39881
39882
39883
39884
39885
39886
39887
39888
39889
39890
39891
39892
39893
39894
39895
39896
39897
39898
39917
39918
40220
40223
40224
40225
40226
40227
40228
40229
40230
40231
40232
40233
40234
40235
40236
40237
40238
40239
40240
40241
40242
40243
40244
40245
40246
40247
40248
40249
40250
40251
40252
40253
40254
40255
40256
40257
40258
40259
40260
40261
40262
40263
40264
40265
40266
40267
40268
40287
40288
40594
40595
40596
40597
40598
40599
40600
40601
40602
40603
40604
40605
40606
40607
40608
40609
40610
40611
40612
40613
40614
40615
40616
40617
40618
40619
40620
40621
40622
40623
40624
40625
40626
40627
40628
40629
40630
40631
40632
40633
40634
40635
40636
40637
40657
40658
40963
40964
40965
40966
40967
40968
40969
40970
40971
40972
40973
40974
40975
40976
40977
40978
40979
40980
40981
40982
40983
40984
40985
40986
40987
40988
40989
40990
40991
40992
40993
40994
40995
40996
40997
40998
40999
41000
41001
41002
41003
41004
41005
41006
41007
41027
41028
41330
41333
41334
41335
41336
41337
41338
41339
41340
41341
41342
41343
41344
41345
41346
41347
41348
41349
41350
41351
41352
41353
41354
41355
41356
41357
41358
41359
41360
41361
41362
41363
41364
41365
41366
41367
41368
41369
41370
41371
41372
41373
41374
41375
41376
41377
41397
41398
41704
41705
41706
41707
41708
41709
41710
41711
41712
41713
41714
41715
41716
41717
41718
41719
41720
41721
41722
41723
41724
41725
41726
41727
41728
41729
41730
41731
41732
41733
41734
41735
41736
41737
41738
41739
41740
41741
41742
41743
41744
41745
41746
41767
41768
42074
42075
42076
42077
42078
42079
42080
42081
42082
42083
42084
42085
42086
42087
42088
42089
42090
42091
42092
42093
42094
42095
42096
42097
42098
42099
42100
42101
42102
42103
42104
42105
42106
42107
42108
42109
42110
42111
42112
42113
42114
42115
42116
42137
42138
42440
42443
42444
42445
42446
42447
42448
42449
42450
42451
42452
42453
42454
42455
42456
42457
42458
42459
42460
42461
42462
42463
42464
42465
42466
42467
42468
42469
42470
42471
42472
42473
42474
42475
42476
42477
42478
42479
42480
42481
42482
42483
42484
42485
42486
42507
42508
42810
42813
42814
42815
42816
42817
42818
42819
42820
42821
42822
42823
42824
42825
42826
42827
42828
42829
42830
42831
42832
42833
42834
42835
42836
42837
42838
42839
42840
42841
42842
42843
42844
42845
42846
42847
42848
42849
42850
42851
42852
42853
42854
42855
42877
42878
43180
43184
43185
43186
43187
43188
43189
43190
43191
43192
43193
43194
43195
43196
43197
43198
43199
43200
43201
43202
43203
43204
43205
43206
43207
43208
43209
43210
43211
43212
43213
43214
43215
43216
43217
43218
43219
43220
43221
43222
43223
43224
43247
43248
43555
43556
43557
43558
43559
43560
43561
43562
43563
43564
43565
43566
43567
43568
43569
43570
43571
43572
43573
43574
43575
43576
43577
43578
43579
43580
43581
43582
43583
43584
43585
43586
43587
43588
43589
43590
43591
43592
43593
43594
43617
43618
43921
43924
43925
43926
43927
43928
43929
43930
43931
43932
43933
43934
43935
43936
43937
43938
43939
43940
43941
43942
43943
43944
43945
43946
43947
43948
43949
43950
43951
43952
43953
43954
43955
43956
43957
43958
43959
43960
43961
43962
43963
43964
43965
43987
43988
44294
44295
44296
44297
44298
44299
44300
44301
44302
44303
44304
44305
44306
44307
44308
44309
44310
44311
44312
44313
44314
44315
44316
44317
44318
44319
44320
44321
44322
44323
44324
44325
44326
44327
44328
44329
44330
44331
44332
44333
44334
44357
44358
44661
44664
44665
44666
44667
44668
44669
44670
44671
44672
44673
44674
44675
44676
44677
44678
44679
44680
44681
44682
44683
44684
44685
44686
44687
44688
44689
44690
44691
44692
44693
44694
44695
44696
44697
44698
44699
44700
44701
44702
44703
44704
44727
44728
45031
45034
45035
45036
45037
45038
45039
45040
45041
45042
45043
45044
45045
45046
45047
45048
45049
45050
45051
45052
45053
45054
45055
45056
45057
45058
45059
45060
45061
45062
45063
45064
45065
45066
45067
45068
45069
45070
45071
45072
45073
45097
45098
45400
45404
45405
45406
45407
45408
45409
45410
45411
45412
45413
45414
45415
45416
45417
45418
45419
45420
45421
45422
45423
45424
45425
45426
45427
45428
45429
45430
45431
45432
45433
45434
45435
45436
45437
45438
45439
45440
45441
45442
45443
45444
45463
45464
45465
45466
45467
45468
45770
45774
45775
45776
45777
45778
45779
45780
45781
45782
45783
45784
45785
45786
45787
45788
45789
45790
45791
45792
45793
45794
45795
45796
45797
45798
45799
45800
45801
45802
45803
45804
45805
45806
45807
45808
45809
45810
45811
45812
45813
45837
45838
46141
46145
46146
46147
46148
46149
46150
46151
46152
46153
46154
46155
46156
46157
46158
46159
46160
46161
46162
46163
46164
46165
46166
46167
46168
46169
46170
46171
46172
46173
46174
46175
46176
46177
46178
46179
46180
46181
46182
46207
46208
46511
46515
46516
46517
46518
46519
46520
46521
46522
46523
46524
46525
46526
46527
46528
46529
46530
46531
46532
46533
46534
46535
46536
46537
46538
46539
46540
46541
46542
46543
46544
46545
46546
46547
46548
46549
46550
46551
46552
46553
46577
46578
46881
46885
46886
46887
46888
46889
46890
46891
46892
46893
46894
46895
46896
46897
46898
46899
46900
46901
46902
46903
46904
46905
46906
46907
46908
46909
46910
46911
46912
46913
46914
46915
46916
46917
46918
46919
46920
46921
46922
46947
46948
46949
47251
47255
47256
47257
47258
47259
47260
47261
47262
47263
47264
47265
47266
47267
47268
47269
47270
47271
47272
47273
47274
47275
47276
47277
47278
47279
47280
47281
47282
47283
47284
47285
47286
47287
47288
47289
47290
47291
47292
47318
47319
47621
47625
47626
47627
47628
47629
47630
47631
47632
47633
47634
47635
47636
47637
47638
47639
47640
47641
47642
47643
47644
47645
47646
47647
47648
47649
47650
47651
47652
47653
47654
47655
47656
47657
47658
47659
47660
47661
47662
47663
47684
47685
47686
47687
47991
47992
47995
47996
47997
47998
47999
48000
48001
48002
48003
48004
48005
48006
48007
48008
48009
48010
48011
48012
48013
48014
48015
48016
48017
48018
48019
48020
48021
48022
48023
48024
48025
48026
48027
48028
48029
48030
48031
48058
48059
48361
48362
48365
48366
48367
48368
48369
48370
48371
48372
48373
48374
48375
48376
48377
48378
48379
48380
48381
48382
48383
48384
48385
48386
48387
48388
48389
48390
48391
48392
48393
48394
48395
48396
48397
48398
48399
48400
48401
48402
48425
48426
48427
48732
48736
48737
48738
48739
48740
48741
48742
48743
48744
48745
48746
48747
48748
48749
48750
48751
48752
48753
48754
48755
48756
48757
48758
48759
48760
48761
48762
48763
48764
48765
48766
48767
48768
48769
48770
48771
48779
48798
48799
49102
49106
49107
49108
49109
49110
49111
49112
49113
49114
49115
49116
49117
49118
49119
49120
49121
49122
49123
49124
49125
49126
49127
49128
49129
49130
49131
49132
49133
49134
49135
49136
49137
49138
49139
49140
49141
49149
49168
49169
49472
49476
49477
49478
49479
49480
49481
49482
49483
49484
49485
49486
49487
49488
49489
49490
49491
49492
49493
49494
49495
49496
49497
49498
49499
49500
49501
49502
49503
49504
49505
49506
49507
49508
49509
49510
49511
49512
49518
49538
49539
49540
49843
49847
49848
49849
49850
49851
49852
49853
49854
49855
49856
49857
49858
49859
49860
49861
49862
49863
49864
49865
49866
49867
49868
49869
49870
49871
49872
49873
49874
49875
49876
49877
49878
49879
49880
49881
49888
49889
49909
49910
50213
50214
50216
50217
50218
50219
50220
50221
50222
50223
50224
50225
50226
50227
50228
50229
50230
50231
50232
50233
50234
50235
50236
50237
50238
50239
50240
50241
50242
50243
50244
50245
50246
50247
50248
50249
50250
50251
50259
50279
50280
50583
50587
50588
50589
50590
50591
50592
50593
50594
50595
50596
50597
50598
50599
50600
50601
50602
50603
50604
50605
50606
50607
50608
50609
50610
50611
50612
50613
50614
50615
50616
50617
50618
50619
50620
50629
50630
50646
50647
50648
50649
50650
50953
50954
50957
50958
50959
50960
50961
50962
50963
50964
50965
50966
50967
50968
50969
50970
50971
50972
50973
50974
50975
50976
50977
50978
50979
50980
50981
50982
50983
50984
50985
50986
50987
50988
50989
50990
50991
50999
51000
51019
51020
51323
51324
51327
51328
51329
51330
51331
51332
51333
51334
51335
51336
51337
51338
51339
51340
51341
51342
51343
51344
51345
51346
51347
51348
51349
51350
51351
51352
51353
51354
51355
51356
51357
51358
51359
51360
51368
51386
51387
51388
51389
51390
51391
51694
51695
51698
51699
51700
51701
51702
51703
51704
51705
51706
51707
51708
51709
51710
51711
51712
51713
51714
51715
51716
51717
51718
51719
51720
51721
51722
51723
51724
51725
51726
51727
51728
51729
51730
51760
51761
52063
52068
52069
52070
52071
52072
52073
52074
52075
52076
52077
52078
52079
52080
52081
52082
52083
52084
52085
52086
52087
52088
52089
52090
52091
52092
52093
52094
52095
52096
52097
52099
52100
52118
52119
52129
52130
52429
52430
52434
52435
52436
52437
52438
52439
52440
52441
52442
52443
52444
52445
52446
52447
52448
52449
52450
52451
52452
52453
52454
52455
52456
52457
52458
52459
52460
52461
52462
52463
52464
52475
52485
52486
52495
52496
52794
52795
52797
52798
52799
52800
52801
52802
52803
52804
52805
52806
52807
52808
52809
52810
52811
52812
52813
52814
52815
52816
52817
52818
52819
52820
52821
52822
52823
52824
52825
52826
52827
52829
52848
52849
52859
52860
52861
53156
53157
53160
53161
53162
53163
53164
53165
53166
53167
53168
53169
53170
53171
53172
53173
53174
53175
53176
53177
53178
53179
53180
53181
53182
53183
53184
53185
53186
53187
53189
53190
53219
53220
53222
53223
53518
53522
53523
53524
53525
53526
53527
53528
53529
53530
53531
53532
53533
53534
53535
53536
53537
53538
53539
53540
53541
53542
53543
53544
53545
53546
53547
53548
53549
53552
53569
53570
53575
53576
53583
53584
53879
53880
53884
53885
53886
53887
53888
53889
53890
53891
53892
53893
53894
53895
53896
53897
53898
53899
53900
53901
53902
53903
53904
53905
53906
53907
53908
53909
53911
53931
53932
53936
53937
53938
53942
53944
53945
54241
54245
54246
54247
54248
54249
54250
54251
54252
54253
54254
54255
54256
54257
54258
54259
54260
54261
54262
54263
54264
54265
54267
54268
54270
54271
54298
54299
54306
54307
54602
54606
54607
54608
54609
54610
54611
54612
54613
54614
54615
54616
54617
54618
54619
54620
54621
54622
54624
54625
54627
54628
54630
54633
54654
54659
54660
54667
54668
54963
54964
54967
54968
54969
54970
54971
54972
54973
54974
54975
54976
54977
54978
54979
54980
54981
54982
54983
54984
54985
54987
54990
55015
55020
55021
55022
55028
55029
55324
55328
55329
55330
55331
55332
55333
55334
55335
55336
55337
55338
55339
55340
55341
55342
55343
55345
55346
55348
55349
55351
55375
55376
55381
55382
55389
55390
55684
55685
55688
55689
55690
55691
55692
55693
55694
55695
55696
55697
55698
55699
55700
55701
55702
55704
55705
55707
55708
55710
55736
55741
55742
55747
55748
55749
55750
56045
56046
56048
56049
56050
56051
56052
56053
56054
56055
56056
56057
56058
56059
56060
56061
56064
56066
56096
56097
56101
56102
56109
56110
56406
56409
56410
56411
56412
56413
56414
56415
56417
56418
56419
56420
56423
56425
56457
56458
56460
56467
56468
56470
56471
56766
56770
56771
56772
56773
56774
56776
56777
56779
56782
56830
56831
57127
57131
57132
57133
57135
57136
57138
57141
57190
57191
57487
57491
57492
57494
57495
57497
57500
57551
57552
57849
57852
57853
57855
57858
57860
57912
57913
58212
58217
58220
58274
58275
58276
58277
58579
58638
58639
58937
58999
59000
59361
59362
59722
59723
60085
60086
60447
60448
60810
61172
61173
61534
61535
61897
61898
62260
62261
62606
62607
62608
62968
62969
63330
63331
63332
63693
63694
64055
64417
65145
65507
65508
65870
65871
65872
66234
66235
66236
66598
66599
66600
66962
66963
66964
67327
67328
67329
67691
67692
67693
68054
68055
68056
195965
195966
195970
195971
195972
196290
196291
196292
196294
196295
196296
196297
196298
196299
196300
196630
196631
196632
196634
196635
196636
196637
196638
196969
196970
196973
196974
196975
196976
196977
196978
197313
197314
197317
197318
197319
197320
197321
197322
197323
197659
197660
197663
197664
197665
197666
197667
197668
197669
197998
197999
198000
198003
198004
198005
198006
198007
198008
198009
198346
198347
198348
198351
198352
198353
198354
198355
198356
198357
198693
198694
198695
198698
198699
198700
198701
198702
198703
198704
199029
199030
199035
199036
199037
199038
199039
199040
199364
199365
199370
199371
199372
199373
199374
199375
199376
199702
199703
199704
199709
199710
199711
199712
199713
199714
199715
200044
200045
200046
200047
200048
200049
200050
200051
200052
200053
200058
200059
200060
200061
200062
200063
200064
200390
200391
200392
200393
200394
200395
200396
200397
200398
200399
200403
200404
200405
200406
200407
200408
200409
200410
200735
200736
200737
200738
200739
200740
200741
200742
200743
200748
200749
200750
200751
200752
200753
200754
201081
201082
201083
201084
201085
201086
201087
201088
201089
201094
201095
201096
201097
201098
201099
201100
201416
201417
201418
201419
201420
201421
201422
201423
201424
201429
201430
201431
201432
201433
201434
201435
201748
201749
201750
201751
201752
201753
201754
201755
201756
201761
201762
201763
201764
201765
201766
201767
202080
202081
202082
202083
202084
202085
202086
202087
202088
202093
202094
202095
202096
202097
202098
202099
202405
202406
202407
202408
202409
202410
202411
202412
202413
202418
202419
202420
202421
202422
202423
202424
202425
202735
202736
202737
202738
202739
202740
202741
202742
202743
202748
202749
202750
202751
202752
202753
202754
203069
203070
203071
203072
203073
203074
203075
203076
203077
203082
203083
203084
203085
203086
203087
203088
203089
203400
203401
203402
203404
203405
203406
203407
203408
203413
203414
203415
203416
203417
203418
203419
203420
203740
203741
203744
203745
203746
203747
203748
203754
203755
203756
203757
203758
203759
203760
204082
204087
204088
204089
204095
204096
204097
204098
204099
204100
204101
204427
204428
204433
204434
204447
204448
204777
204778
204791
204792
205124
205125
205132
205133
205134
205135
205136
205137
205138
205473
205474
205481
205482
205483
205484
205485
205486
205487
205819
205820
205827
205828
205829
205830
206162
206163
206502
206503
218974
218975
219332
219333
219690
219691
219692
220049
220050
220409
220410
220769
220770
221130
221131
221491
221492
221853
221854
222214
222215
222216
222577
222578
222941
222942
223304
223305
223634
223635
223636
223667
223668
223997
223998
224029
224030
224391
224392
224753
224754
225114
225115
225443
225475
225476
226132
226470
226471
226512
226513
226816
226817
226818
226820
226821
226858
226859
227172
227173
227174
227175
227176
227177
227181
227520
227521
227522
227523
227524
227525
227526
227527
227528
227529
227874
227875
227876
227877
227878
227879
227880
227881
227882
227885
227886
228234
228235
228236
228237
228238
228239
228240
228241
228242
228243
228244
228245
228246
228249
228250
228598
228599
228600
228601
228602
228603
228604
228605
228606
228607
228608
228609
228610
228611
228612
228613
228614
228617
228618
228619
228640
228962
228963
228964
228965
228966
228967
228968
228969
228970
228971
228972
228973
228974
228975
228976
228977
228978
228979
228980
228981
228985
228986
229326
229327
229328
229329
229330
229331
229332
229333
229334
229335
229336
229337
229338
229339
229340
229341
229342
229343
229344
229346
229347
229348
229349
229690
229691
229692
229693
229694
229695
229696
229697
229698
229699
229700
229701
229702
229703
229704
229705
229706
229707
229708
229709
229710
229711
229712
229713
229714
229715
229716
230053
230054
230055
230056
230057
230058
230059
230060
230061
230062
230063
230064
230065
230066
230067
230068
230069
230070
230071
230072
230073
230074
230075
230076
230077
230078
230079
230080
230081
230082
230097
230098
230410
230411
230412
230436
230437
230438
230439
230440
230441
230442
230443
230460
230461
230462
230772
230773
230774
230805
230806
230807
230808
230824
230825
230826
231134
231135
231136
231171
231172
231173
231498
231499
231500
231534
231535
231536
231537
231865
231897
231898
231902
231903
232226
232227
232228
232229
232230
232231
232232
232233
232234
232235
232236
232237
232238
232239
232240
232241
232242
232243
232246
232247
232258
232259
232260
232261
232262
232289
232588
232589
232590
232591
232592
232593
232594
232595
232596
232597
232598
232599
232600
232601
232602
232605
232606
232607
232608
232609
232610
232611
232612
232620
232621
232622
232623
232624
232625
232626
232632
232949
232950
232951
232952
232953
232954
232955
232956
232957
232958
232959
232960
232961
232964
232965
232966
232967
232968
232969
232970
232971
232972
232973
232974
232975
232976
232977
232978
232979
232980
232981
232982
232983
232984
232985
232986
232987
232988
232989
233012
233310
233311
233312
233313
233314
233315
233316
233317
233318
233319
233320
233323
233324
233325
233326
233327
233328
233329
233330
233331
233332
233333
233334
233335
233336
233337
233338
233339
233340
233341
233342
233343
233344
233345
233346
233347
233348
233349
233350
233351
233352
233353
233373
233374
233672
233673
233674
233675
233676
233677
233678
233679
233680
233681
233682
233683
233684
233685
233686
233687
233688
233689
233690
233691
233692
233693
233694
233695
233696
233697
233698
233699
233700
233701
233702
233703
233704
233705
233706
233707
233708
233709
233710
233711
233712
233713
233714
233715
233716
233735
234032
234033
234034
234035
234036
234037
234038
234039
234040
234041
234042
234043
234044
234045
234046
234047
234048
234049
234050
234051
234052
234053
234054
234055
234056
234057
234058
234059
234060
234061
234062
234063
234064
234065
234066
234067
234068
234069
234070
234071
234072
234073
234074
234075
234076
234077
234095
234096
234392
234393
234394
234395
234396
234397
234398
234399
234400
234401
234402
234403
234404
234405
234406
234407
234408
234409
234410
234411
234412
234413
234414
234415
234416
234417
234418
234419
234420
234421
234422
234423
234424
234425
234426
234427
234428
234429
234430
234431
234432
234433
234434
234435
234436
234437
234456
234457
234753
234754
234755
234756
234757
234758
234759
234760
234761
234762
234763
234764
234765
234766
234767
234768
234769
234770
234771
234772
234773
234774
234775
234776
234777
234778
234779
234780
234781
234782
234783
234784
234785
234786
234787
234788
234789
234790
234791
234792
234793
234794
234795
234796
234797
234798
234816
234817
235113
235114
235115
235116
235117
235118
235119
235120
235121
235122
235123
235124
235125
235126
235127
235128
235129
235130
235131
235132
235133
235134
235135
235136
235137
235138
235139
235140
235141
235142
235143
235144
235145
235146
235147
235148
235149
235150
235151
235152
235153
235154
235155
235156
235157
235158
235176
235177
235474
235475
235476
235477
235478
235479
235480
235481
235482
235483
235484
235485
235486
235487
235488
235489
235490
235491
235492
235493
235494
235495
235496
235497
235498
235499
235500
235501
235502
235503
235504
235505
235506
235507
235508
235509
235510
235511
235512
235513
235514
235515
235516
235517
235518
235519
235537
235538
235834
235836
235837
235838
235839
235840
235841
235842
235843
235844
235845
235846
235847
235848
235849
235850
235851
235852
235853
235854
235855
235856
235857
235858
235859
235860
235861
235862
235863
235864
235865
235866
235867
235868
235869
235870
235871
235872
235873
235874
235875
235876
235877
235878
235879
235880
235898
235899
236196
236197
236198
236199
236200
236201
236202
236203
236204
236205
236206
236207
236208
236209
236210
236211
236212
236213
236214
236215
236216
236217
236218
236219
236220
236221
236222
236223
236224
236225
236226
236227
236228
236229
236230
236231
236232
236233
236234
236235
236236
236237
236238
236239
236240
236554
236556
236557
236558
236559
236560
236561
236562
236563
236564
236565
236566
236567
236568
236569
236570
236571
236572
236573
236574
236575
236576
236577
236578
236579
236580
236581
236582
236583
236584
236585
236586
236587
236588
236589
236590
236591
236592
236593
236594
236595
236596
236597
236598
236599
236600
236601
236602
236603
236914
236915
236916
236917
236918
236919
236920
236921
236922
236923
236924
236925
236926
236927
236928
236929
236930
236931
236932
236933
236934
236935
236936
236937
236938
236939
236940
236941
236942
236943
236944
236945
236946
236947
236948
236949
236950
236951
236952
236953
236954
236955
236956
236957
236958
236959
236960
236961
236962
237274
237275
237276
237277
237278
237279
237280
237281
237282
237283
237284
237285
237286
237287
237288
237289
237290
237291
237292
237293
237294
237295
237296
237297
237298
237299
237300
237301
237302
237303
237304
237305
237307
237308
237309
237310
237311
237312
237313
237314
237315
237316
237317
237318
237319
237320
237321
237322
237633
237635
237636
237637
237638
237639
237640
237641
237642
237643
237644
237645
237646
237647
237648
237649
237650
237651
237652
237653
237654
237655
237656
237657
237658
237659
237660
237661
237662
237663
237664
237665
237666
237667
237668
237669
237670
237671
237672
237673
237674
237675
237676
237677
237678
237993
237995
237996
237997
237998
237999
238000
238001
238002
238003
238004
238005
238006
238007
238008
238009
238010
238011
238012
238013
238014
238015
238016
238017
238018
238019
238020
238021
238022
238023
238024
238025
238026
238027
238028
238029
238030
238031
238032
238033
238034
238035
238036
238037
238038
238039
238058
238059
238355
238356
238357
238358
238359
238360
238361
238362
238363
238364
238365
238366
238367
238368
238369
238370
238371
238372
238373
238374
238375
238376
238377
238378
238379
238380
238381
238382
238383
238384
238385
238386
238387
238388
238389
238390
238391
238392
238393
238394
238395
238396
238397
238398
238399
238418
238419
238712
238715
238716
238717
238718
238719
238720
238721
238722
238723
238724
238725
238726
238727
238728
238729
238730
238731
238732
238733
238734
238735
238736
238737
238738
238739
238740
238741
238742
238743
238744
238745
238746
238747
238748
238749
238750
238751
238752
238753
238754
238755
238756
238757
238758
238759
238777
238778
239075
239076
239077
239078
239079
239080
239081
239082
239083
239084
239085
239086
239087
239088
239089
239090
239091
239092
239093
239094
239095
239096
239097
239098
239099
239100
239101
239102
239103
239104
239105
239106
239107
239108
239109
239110
239111
239112
239113
239114
239115
239116
239117
239118
239137
239138
239434
239435
239436
239437
239438
239439
239440
239441
239442
239443
239444
239445
239446
239447
239448
239449
239450
239451
239452
239453
239454
239455
239456
239457
239458
239459
239460
239461
239462
239463
239464
239465
239466
239467
239468
239469
239470
239471
239472
239473
239474
239475
239476
239477
239478
239497
239498
239792
239794
239795
239797
239798
239799
239800
239801
239802
239803
239804
239805
239806
239807
239808
239809
239810
239811
239812
239813
239814
239815
239816
239817
239818
239819
239820
239821
239822
239823
239824
239825
239826
239827
239828
239829
239830
239831
239832
239833
239834
239835
239836
239837
239838
239839
239858
239859
240155
240156
240157
240159
240160
240161
240162
240163
240164
240165
240166
240167
240168
240169
240170
240171
240172
240173
240174
240175
240176
240177
240178
240179
240180
240181
240182
240183
240184
240185
240186
240187
240188
240189
240190
240191
240192
240193
240194
240195
240196
240197
240198
240199
240200
240218
240219
240517
240518
240519
240520
240521
240522
240523
240524
240525
240526
240527
240528
240529
240530
240531
240532
240533
240534
240535
240536
240537
240538
240539
240540
240541
240542
240543
240544
240545
240546
240547
240548
240549
240550
240551
240552
240553
240554
240555
240556
240557
240558
240559
240560
240561
240579
240580
240879
240880
240881
240882
240883
240884
240885
240886
240887
240888
240889
240890
240891
240892
240893
240894
240895
240896
240897
240898
240899
240900
240901
240902
240903
240904
240905
240906
240907
240908
240909
240910
240911
240912
240913
240914
240915
240916
240917
240918
240919
240920
240921
240940
240941
241237
241238
241241
241242
241243
241244
241245
241246
241247
241248
241249
241250
241251
241252
241253
241254
241255
241256
241257
241258
241259
241260
241261
241262
241263
241264
241265
241266
241267
241268
241269
241270
241271
241272
241273
241274
241275
241276
241277
241278
241279
241280
241281
241282
241301
241302
241598
241599
241600
241602
241603
241604
241605
241606
241607
241608
241609
241610
241611
241612
241613
241614
241615
241616
241617
241618
241619
241620
241621
241622
241623
241624
241625
241626
241627
241628
241629
241630
241631
241632
241633
241634
241635
241636
241637
241638
241639
241640
241641
241642
241643
241661
241662
241663
241963
241964
241965
241968
241969
241970
241971
241972
241973
241974
241975
241976
241977
241978
241979
241980
241981
241982
241983
241984
241985
241986
241987
241988
241989
241990
241991
241992
241993
241994
241995
241996
241997
241998
241999
242000
242001
242002
242003
242004
242005
242006
242007
242025
242026
242329
242330
242333
242334
242335
242337
242338
242339
242340
242341
242342
242343
242344
242345
242346
242347
242348
242349
242350
242351
242352
242353
242354
242355
242356
242357
242358
242359
242360
242361
242362
242363
242364
242365
242366
242367
242368
242369
242370
242371
242372
242390
242391
242694
242695
242696
242698
242699
242700
242701
242702
242703
242704
242705
242706
242707
242708
242709
242710
242711
242712
242713
242714
242715
242716
242717
242718
242719
242720
242721
242722
242723
242724
242725
242726
242727
242728
242729
242730
242731
242732
242733
242734
242735
242736
242737
242738
242756
242757
243061
243062
243065
243066
243067
243069
243070
243071
243072
243074
243075
243076
243077
243078
243079
243080
243081
243082
243083
243084
243085
243086
243087
243088
243089
243090
243091
243092
243093
243094
243095
243096
243097
243098
243099
243100
243101
243102
243103
243104
243105
243124
243125
243432
243433
243434
243437
243438
243439
243440
243441
243442
243443
243444
243445
243446
243447
243448
243449
243450
243451
243452
243453
243454
243455
243456
243457
243458
243459
243460
243461
243462
243463
243464
243465
243466
243467
243468
243469
243470
243471
243472
243473
243474
243493
243494
243800
243801
243802
243805
243806
243807
243808
243809
243810
243811
243812
243813
243814
243815
243816
243817
243818
243819
243820
243821
243822
243823
243824
243825
243826
243827
243828
243829
243830
243831
243832
243833
243834
243835
243836
243837
243838
243839
243840
243841
243842
243843
243844
243863
243864
244169
244173
244174
244175
244177
244178
244179
244180
244181
244182
244183
244184
244185
244186
244187
244188
244189
244190
244191
244192
244193
244194
244195
244196
244197
244198
244199
244200
244201
244202
244203
244204
244205
244206
244207
244208
244209
244210
244211
244212
244213
244214
244233
244234
244541
244542
244546
244547
244548
244549
244550
244551
244552
244553
244554
244555
244556
244557
244558
244559
244560
244561
244562
244563
244564
244565
244566
244567
244568
244569
244570
244571
244572
244573
244574
244575
244576
244577
244578
244579
244580
244581
244582
244583
244584
244602
244603
244604
244909
244913
244914
244915
244918
244919
244920
244921
244922
244923
244924
244925
244926
244927
244928
244929
244930
244931
244932
244933
244934
244935
244936
244937
244938
244939
244940
244941
244942
244943
244944
244945
244946
244947
244948
244949
244950
244951
244952
244953
244954
244972
244973
244974
245281
245282
245283
245286
245287
245288
245289
245291
245292
245293
245294
245295
245296
245297
245298
245299
245300
245301
245302
245303
245304
245305
245306
245307
245308
245309
245310
245311
245312
245313
245314
245315
245316
245317
245318
245319
245320
245321
245322
245323
245324
245342
245343
245344
245649
245651
245654
245655
245656
245657
245659
245660
245661
245662
245663
245664
245665
245666
245667
245668
245669
245670
245671
245672
245673
245674
245675
245676
245677
245678
245679
245680
245681
245682
245683
245684
245685
245686
245687
245688
245689
245690
245691
245692
245693
245694
245712
245713
245714
246019
246023
246024
246025
246026
246028
246029
246030
246031
246032
246033
246034
246035
246036
246037
246038
246039
246040
246041
246042
246043
246044
246045
246046
246047
246048
246049
246050
246051
246052
246053
246054
246055
246056
246057
246058
246059
246060
246061
246062
246063
246064
246082
246083
246389
246393
246394
246395
246398
246399
246400
246401
246402
246403
246404
246405
246406
246407
246408
246409
246410
246411
246412
246413
246414
246415
246416
246417
246418
246419
246420
246421
246422
246423
246424
246425
246426
246427
246428
246429
246430
246431
246432
246433
246434
246452
246453
246762
246763
246764
246765
246768
246769
246770
246771
246772
246773
246774
246775
246776
246777
246778
246779
246780
246781
246782
246783
246784
246785
246786
246787
246788
246789
246790
246791
246792
246793
246794
246795
246796
246797
246798
246799
246800
246801
246802
246803
246822
246823
247132
247133
247134
247135
247138
247139
247140
247141
247142
247143
247144
247145
247146
247147
247148
247149
247150
247151
247152
247153
247154
247155
247156
247157
247158
247159
247160
247161
247162
247163
247164
247165
247166
247167
247168
247169
247170
247171
247172
247173
247174
247192
247193
247503
247504
247505
247506
247509
247510
247511
247512
247513
247514
247515
247516
247517
247518
247519
247520
247521
247522
247523
247524
247525
247526
247527
247528
247529
247530
247531
247532
247533
247534
247535
247536
247537
247538
247539
247540
247541
247542
247543
247562
247563
247872
247873
247874
247875
247876
247877
247879
247880
247881
247882
247883
247884
247885
247886
247887
247888
247889
247890
247891
247892
247893
247894
247895
247896
247897
247898
247899
247900
247901
247902
247903
247904
247905
247906
247907
247908
247909
247910
247911
247912
247913
247932
247933
248243
248244
248245
248246
248247
248248
248250
248251
248252
248253
248254
248255
248256
248257
248258
248259
248260
248261
248262
248263
248264
248265
248266
248267
248268
248269
248270
248271
248272
248273
248274
248275
248276
248277
248278
248279
248280
248281
248282
248283
248302
248303
248608
248609
248614
248615
248616
248617
248618
248619
248620
248621
248622
248623
248624
248625
248626
248627
248628
248629
248630
248631
248632
248633
248634
248635
248636
248637
248638
248639
248640
248641
248642
248643
248644
248645
248646
248647
248648
248649
248650
248651
248652
248653
248672
248673
248978
248979
248980
248985
248986
248987
248988
248989
248990
248991
248992
248993
248994
248995
248996
248997
248998
248999
249000
249001
249002
249003
249004
249005
249006
249007
249008
249009
249010
249011
249012
249013
249014
249015
249016
249017
249018
249019
249020
249021
249022
249023
249042
249043
249348
249349
249350
249351
249355
249356
249357
249358
249359
249360
249361
249363
249364
249365
249366
249367
249368
249369
249370
249371
249372
249373
249374
249375
249376
249377
249378
249379
249380
249381
249382
249383
249384
249385
249386
249387
249388
249389
249390
249391
249392
249393
249411
249412
249413
249718
249719
249720
249721
249726
249727
249728
249729
249730
249731
249732
249733
249734
249735
249736
249737
249738
249739
249740
249741
249742
249743
249744
249745
249746
249747
249748
249749
249750
249751
249752
249753
249754
249755
249756
249757
249758
249759
249760
249761
249762
249763
249781
249782
249783
250089
250090
250094
250095
250096
250097
250098
250099
250100
250101
250102
250103
250104
250105
250106
250107
250108
250109
250110
250111
250112
250113
250114
250115
250116
250117
250118
250119
250120
250121
250122
250123
250124
250125
250126
250127
250128
250129
250130
250131
250132
250133
250151
250152
250153
251578
251579
251580
251581
251582
251583
251584
251585
251586
251587
251588
251589
251590
251591
251592
251593
251594
251595
251596
251597
251598
251599
251600
251601
251602
251603
251604
251605
251606
251607
251608
251609
251610
251611
251612
251613
251631
251632
251942
251943
251944
251945
251946
251947
251948
251949
251950
251951
251952
251953
251954
251955
251956
251957
251958
251959
251960
251961
251962
251963
251964
251965
251966
251967
251968
251969
251970
251971
251972
251973
251974
251975
251976
251977
251978
251979
251980
251981
251982
251983
252001
252002
252305
252308
252309
252310
252311
252312
252313
252314
252315
252317
252318
252319
252320
252321
252322
252323
252324
252325
252326
252327
252328
252329
252330
252331
252332
252333
252334
252335
252336
252337
252338
252339
252340
252341
252342
252343
252344
252345
252346
252347
252348
252349
252350
252351
252352
252371
252372
252680
252681
252682
252683
252684
252685
252686
252687
252688
252689
252690
252691
252692
252693
252694
252695
252696
252697
252698
252699
252700
252701
252702
252703
252704
252705
252706
252707
252708
252709
252710
252711
252712
252713
252714
252715
252716
252717
252718
252719
252720
252721
252722
252723
252741
252742
253045
253048
253049
253050
253055
253056
253057
253058
253059
253060
253061
253062
253063
253064
253065
253066
253067
253068
253069
253070
253071
253072
253073
253074
253075
253076
253077
253078
253079
253080
253081
253082
253083
253084
253085
253086
253087
253088
253089
253090
253091
253092
253111
253112
253419
253420
253421
253422
253423
253424
253425
253426
253427
253428
253429
253430
253431
253432
253433
253434
253435
253436
253437
253438
253439
253440
253441
253442
253443
253444
253445
253446
253447
253448
253449
253450
253451
253452
253453
253454
253455
253456
253457
253458
253459
253460
253461
253462
253481
253482
253785
253788
253789
253792
253794
253795
253796
253797
253798
253799
253800
253801
253802
253803
253804
253805
253806
253807
253808
253809
253810
253811
253812
253813
253814
253815
253816
253817
253818
253819
253820
253821
253822
253823
253824
253825
253826
253827
253828
253829
253830
253831
253832
253833
253851
253852
254159
254160
254161
254162
254163
254164
254165
254166
254167
254168
254169
254170
254171
254172
254173
254174
254175
254176
254177
254178
254179
254180
254181
254182
254183
254184
254185
254186
254187
254188
254189
254190
254191
254192
254193
254194
254195
254196
254197
254198
254199
254200
254201
254202
254221
254222
254525
254528
254529
254530
254531
254532
254533
254534
254535
254536
254537
254538
254539
254540
254541
254542
254543
254544
254545
254546
254547
254548
254549
254550
254551
254552
254553
254554
254555
254556
254557
254558
254559
254560
254561
254562
254563
254564
254565
254566
254567
254568
254569
254570
254571
254591
254592
254901
254903
254904
254905
254906
254907
254908
254909
254910
254911
254912
254913
254914
254915
254916
254917
254918
254919
254920
254921
254922
254923
254924
254925
254926
254927
254928
254929
254930
254931
254932
254933
254934
254935
254936
254937
254938
254939
254940
254941
254961
254962
