Sample Indices
Indices Size:
6037
Data:
39801
39802
39803
39804
39805
39813
39814
39815
39816
39817
39818
39819
39823
39824
39825
39826
39827
39828
39829
39830
39831
39832
39836
39837
39838
39839
39840
39841
39842
39843
39844
39845
39846
39847
39848
39849
39850
39851
39852
39853
40171
40172
40173
40174
40175
40183
40184
40185
40186
40187
40188
40193
40194
40195
40196
40197
40198
40199
40200
40201
40202
40206
40207
40208
40209
40210
40211
40212
40213
40214
40215
40216
40217
40218
40219
40221
40222
40541
40542
40543
40544
40545
40553
40554
40555
40556
40557
40558
40563
40564
40565
40566
40567
40568
40569
40570
40571
40572
40576
40577
40578
40579
40580
40581
40582
40583
40584
40585
40586
40587
40588
40589
40590
40591
40592
40593
40911
40912
40913
40914
40915
40923
40924
40925
40926
40927
40928
40933
40934
40935
40936
40937
40938
40939
40940
40941
40942
40946
40947
40948
40949
40950
40951
40952
40953
40954
40955
40956
40957
40958
40959
40960
40961
40962
41281
41282
41283
41284
41285
41293
41294
41295
41296
41297
41298
41303
41304
41305
41306
41307
41308
41309
41310
41311
41312
41316
41317
41318
41319
41320
41321
41322
41323
41324
41325
41326
41327
41328
41329
41331
41332
41652
41653
41654
41655
41656
41660
41663
41664
41665
41666
41667
41668
41673
41674
41675
41676
41677
41678
41679
41680
41681
41682
41686
41687
41688
41689
41690
41691
41692
41693
41694
41695
41696
41697
41698
41699
41700
41701
41702
41703
42017
42018
42022
42023
42024
42025
42026
42030
42033
42034
42035
42036
42037
42038
42043
42044
42045
42046
42047
42048
42049
42050
42051
42052
42056
42057
42058
42059
42060
42061
42062
42063
42064
42065
42066
42067
42068
42069
42070
42071
42072
42073
42387
42388
42392
42393
42394
42395
42396
42400
42403
42404
42405
42406
42407
42408
42413
42414
42415
42416
42417
42418
42419
42420
42421
42422
42423
42426
42427
42428
42429
42430
42431
42432
42433
42434
42435
42436
42437
42438
42439
42441
42442
42757
42758
42763
42764
42765
42766
42770
42773
42774
42775
42776
42777
42778
42783
42784
42785
42786
42787
42788
42789
42790
42791
42792
42793
42797
42798
42799
42800
42801
42802
42803
42804
42805
42806
42807
42808
42809
42811
42812
43135
43136
43140
43143
43144
43145
43146
43147
43148
43153
43154
43155
43156
43157
43158
43159
43160
43161
43162
43163
43167
43168
43169
43170
43171
43172
43173
43174
43175
43176
43177
43178
43179
43181
43182
43183
43503
43505
43506
43510
43513
43514
43515
43516
43517
43518
43523
43524
43525
43526
43527
43528
43529
43530
43531
43532
43533
43537
43538
43539
43540
43541
43542
43543
43544
43545
43546
43547
43548
43549
43550
43551
43552
43553
43873
43875
43876
43880
43884
43885
43886
43887
43888
43893
43894
43895
43896
43897
43898
43899
43900
43901
43902
43903
43907
43908
43909
43910
43911
43912
43913
43914
43915
43916
43917
43918
43919
43920
43922
43923
44243
44245
44246
44250
44254
44255
44256
44257
44258
44263
44264
44265
44266
44267
44268
44269
44270
44271
44272
44273
44277
44278
44279
44280
44281
44282
44283
44284
44285
44286
44287
44288
44289
44290
44291
44292
44293
44608
44609
44613
44614
44615
44620
44621
44624
44625
44626
44627
44628
44633
44634
44635
44636
44637
44638
44639
44640
44641
44642
44643
44647
44648
44649
44650
44651
44652
44653
44654
44655
44656
44657
44658
44659
44660
44662
44663
44982
44983
44984
44989
44994
44995
44996
44997
44998
45003
45004
45005
45006
45007
45008
45009
45010
45011
45012
45013
45017
45018
45019
45020
45021
45022
45023
45024
45025
45026
45027
45028
45029
45030
45032
45033
45352
45353
45354
45355
45360
45364
45365
45366
45367
45368
45373
45374
45375
45376
45377
45378
45379
45380
45381
45382
45383
45384
45387
45388
45389
45390
45391
45392
45393
45394
45395
45396
45397
45398
45399
45401
45402
45403
45722
45723
45724
45725
45730
45735
45736
45737
45738
45743
45744
45745
45746
45747
45748
45749
45750
45751
45752
45753
45754
45758
45759
45760
45761
45762
45763
45764
45765
45766
45767
45768
45769
45771
45772
45773
46093
46094
46095
46100
46101
46105
46106
46107
46108
46113
46114
46115
46116
46117
46118
46119
46120
46121
46122
46123
46124
46128
46129
46130
46131
46132
46133
46134
46135
46136
46137
46138
46139
46140
46142
46143
46144
46463
46464
46465
46469
46470
46471
46475
46476
46477
46478
46479
46483
46484
46485
46486
46487
46488
46489
46490
46491
46492
46493
46494
46495
46498
46499
46500
46501
46502
46503
46504
46505
46506
46507
46508
46509
46510
46512
46513
46514
46833
46834
46835
46839
46840
46841
46845
46846
46847
46848
46849
46854
46855
46856
46857
46858
46859
46860
46861
46862
46863
46864
46865
46869
46870
46871
46872
46873
46874
46875
46876
46877
46878
46879
46880
46882
46883
46884
47203
47204
47205
47209
47210
47211
47216
47217
47218
47219
47224
47225
47226
47227
47228
47229
47230
47231
47232
47233
47234
47235
47239
47240
47241
47242
47243
47244
47245
47246
47247
47248
47249
47250
47252
47253
47254
47574
47576
47579
47580
47581
47586
47587
47588
47589
47594
47595
47596
47597
47598
47599
47600
47601
47602
47603
47604
47605
47609
47610
47611
47612
47613
47614
47615
47616
47617
47618
47619
47620
47622
47623
47624
47944
47949
47950
47951
47952
47956
47957
47958
47959
47964
47965
47966
47967
47968
47969
47970
47971
47972
47973
47974
47975
47976
47980
47981
47982
47983
47984
47985
47986
47987
47988
47989
47990
47993
47994
48314
48319
48320
48321
48322
48327
48328
48329
48334
48335
48336
48337
48338
48339
48340
48341
48342
48343
48344
48345
48346
48350
48351
48352
48353
48354
48355
48356
48357
48358
48359
48360
48363
48364
48684
48685
48689
48690
48691
48692
48697
48698
48699
48700
48704
48705
48706
48707
48708
48709
48710
48711
48712
48713
48714
48715
48716
48720
48721
48722
48723
48724
48725
48726
48727
48728
48729
48730
48731
48733
48734
48735
49055
49059
49060
49061
49062
49063
49067
49068
49069
49070
49074
49075
49076
49077
49078
49079
49080
49081
49082
49083
49084
49085
49086
49087
49090
49091
49092
49093
49094
49095
49096
49097
49098
49099
49100
49101
49103
49104
49105
49425
49427
49430
49431
49432
49433
49438
49439
49440
49445
49446
49447
49448
49449
49450
49451
49452
49453
49454
49455
49456
49457
49461
49462
49463
49464
49465
49466
49467
49468
49469
49470
49471
49473
49474
49475
49795
49800
49801
49802
49803
49804
49808
49809
49810
49815
49816
49817
49818
49819
49820
49821
49822
49823
49824
49825
49826
49827
49831
49832
49833
49834
49835
49836
49837
49838
49839
49840
49841
49842
49844
49845
49846
50171
50172
50173
50174
50179
50180
50185
50186
50187
50188
50189
50190
50191
50192
50193
50194
50195
50196
50197
50198
50202
50203
50204
50205
50206
50207
50208
50209
50210
50211
50212
50215
50536
50542
50543
50544
50545
50549
50550
50551
50556
50557
50558
50559
50560
50561
50562
50563
50564
50565
50566
50567
50568
50572
50573
50574
50575
50576
50577
50578
50579
50580
50581
50582
50584
50585
50586
50906
50910
50911
50912
50913
50914
50915
50920
50921
50926
50927
50928
50929
50930
50931
50932
50933
50934
50935
50936
50937
50938
50939
50943
50944
50945
50946
50947
50948
50949
50950
50951
50952
50955
50956
51280
51281
51282
51283
51284
51285
51286
51290
51291
51296
51297
51298
51299
51300
51301
51302
51303
51304
51305
51306
51307
51308
51309
51313
51314
51315
51316
51317
51318
51319
51320
51321
51322
51325
51326
51651
51652
51653
51654
51655
51656
51661
51662
51666
51667
51668
51669
51670
51671
51672
51673
51674
51675
51676
51677
51678
51679
51680
51683
51684
51685
51686
51687
51688
51689
51690
51691
51692
51693
51696
51697
52020
52021
52022
52023
52024
52025
52026
52030
52031
52036
52037
52038
52039
52040
52041
52042
52043
52044
52045
52046
52047
52048
52049
52053
52054
52055
52056
52057
52058
52059
52060
52061
52062
52064
52065
52066
52067
52386
52387
52388
52389
52390
52391
52392
52397
52402
52403
52404
52405
52406
52407
52408
52409
52410
52411
52412
52413
52414
52415
52416
52419
52420
52421
52422
52423
52424
52425
52426
52427
52428
52431
52432
52433
52750
52751
52752
52753
52754
52755
52756
52757
52761
52762
52767
52768
52769
52770
52771
52772
52773
52774
52775
52776
52777
52778
52779
52780
52784
52785
52786
52787
52788
52789
52790
52791
52792
52793
52796
53113
53114
53115
53116
53117
53118
53119
53124
53129
53130
53131
53132
53133
53134
53135
53136
53137
53138
53139
53140
53141
53142
53146
53147
53148
53149
53150
53151
53152
53153
53154
53155
53158
53159
53474
53475
53476
53477
53478
53479
53480
53481
53485
53490
53491
53492
53493
53494
53495
53496
53497
53498
53499
53500
53501
53502
53503
53504
53508
53509
53510
53511
53512
53513
53514
53515
53516
53517
53519
53520
53521
53835
53836
53837
53838
53839
53840
53841
53842
53847
53852
53853
53854
53855
53856
53857
53858
53859
53860
53861
53862
53863
53864
53865
53866
53870
53871
53872
53873
53874
53875
53876
53877
53878
53881
53882
53883
54197
54198
54199
54200
54201
54202
54203
54204
54213
54214
54215
54216
54217
54218
54219
54220
54221
54222
54223
54224
54225
54226
54227
54231
54232
54233
54234
54235
54236
54237
54238
54239
54242
54243
54244
54558
54559
54560
54561
54562
54563
54564
54565
54566
54570
54575
54576
54577
54578
54579
54580
54581
54582
54583
54584
54585
54586
54587
54588
54589
54593
54594
54595
54596
54597
54598
54599
54600
54601
54603
54604
54605
54919
54920
54921
54922
54923
54924
54925
54926
54927
54936
54937
54938
54939
54940
54941
54942
54943
54944
54945
54946
54947
54948
54949
54950
54954
54955
54956
54957
54958
54959
54960
54961
54962
54965
54966
55280
55281
55282
55283
55284
55285
55286
55287
55288
55296
55297
55298
55299
55300
55301
55302
55303
55304
55305
55306
55307
55308
55309
55310
55311
55316
55317
55318
55319
55320
55321
55322
55323
55325
55326
55327
55640
55641
55642
55643
55644
55645
55646
55647
55648
55657
55658
55659
55660
55661
55662
55663
55664
55665
55666
55667
55668
55669
55670
55671
55672
55679
55680
55681
55682
55683
55686
55687
56004
56005
56006
56007
56008
56009
56017
56018
56019
56020
56021
56022
56023
56024
56025
56026
56027
56028
56029
56030
56031
56032
56036
56037
56038
56039
56040
56041
56042
56043
56044
56047
56361
56362
56363
56364
56365
56366
56367
56368
56369
56370
56378
56379
56380
56381
56382
56383
56384
56385
56386
56387
56388
56389
56390
56391
56392
56393
56399
56400
56401
56402
56403
56404
56407
56408
56721
56722
56723
56724
56725
56726
56727
56728
56729
56730
56731
56738
56739
56740
56741
56742
56743
56744
56745
56746
56747
56748
56749
56750
56751
56752
56753
56759
56760
56761
56762
56763
56764
56765
56767
56768
56769
57082
57083
57084
57085
57086
57087
57088
57089
57090
57091
57099
57100
57101
57102
57103
57104
57105
57106
57107
57108
57109
57110
57111
57112
57113
57114
57115
57117
57118
57119
57120
57121
57122
57123
57124
57125
57128
57129
57130
57443
57444
57445
57446
57447
57448
57449
57450
57451
57452
57459
57460
57461
57462
57463
57464
57465
57466
57467
57468
57469
57470
57471
57472
57473
57474
57475
57479
57480
57481
57482
57483
57484
57485
57486
57488
57489
57490
57804
57805
57806
57807
57808
57809
57810
57811
57812
57813
57814
57821
57822
57823
57824
57825
57826
57827
57828
57829
57830
57831
57832
57833
57834
57835
57836
57837
57841
57842
57843
57844
57845
57846
57847
57850
57851
58168
58169
58170
58171
58172
58173
58174
58175
58176
58177
58178
58185
58186
58187
58188
58189
58190
58191
58192
58193
58194
58195
58196
58197
58198
58199
58200
58201
58205
58206
58207
58208
58209
58210
58211
58213
58214
58215
58531
58532
58533
58534
58535
58536
58537
58538
58539
58540
58541
58547
58548
58549
58550
58551
58552
58553
58554
58555
58556
58557
58558
58559
58560
58561
58562
58563
58567
58568
58569
58570
58571
58572
58573
58576
58577
58893
58894
58895
58896
58897
58898
58899
58900
58901
58902
58909
58910
58911
58912
58913
58914
58915
58916
58917
58918
58919
58920
58921
58922
58923
58924
58925
58929
58930
58931
58932
58933
58934
58935
58938
58939
59254
59255
59256
59257
59258
59259
59260
59261
59262
59263
59264
59270
59271
59272
59273
59274
59275
59276
59277
59278
59279
59280
59281
59282
59283
59284
59285
59286
59287
59291
59292
59293
59294
59295
59296
59299
59300
59616
59617
59618
59619
59620
59621
59622
59623
59624
59625
59626
59632
59633
59634
59635
59636
59637
59638
59639
59640
59641
59642
59643
59644
59645
59646
59647
59648
59649
59653
59654
59655
59656
59657
59658
59661
59662
59978
59979
59980
59981
59982
59983
59984
59985
59986
59987
59988
59989
59995
59996
59997
59998
59999
60000
60001
60002
60003
60004
60005
60006
60007
60008
60009
60010
60011
60012
60016
60017
60018
60019
60020
60023
60024
60025
60341
60342
60343
60344
60345
60346
60347
60348
60349
60350
60351
60352
60357
60358
60359
60360
60361
60362
60363
60364
60365
60366
60367
60368
60369
60370
60371
60372
60373
60374
60375
60378
60379
60380
60381
60382
60383
60386
60387
60704
60705
60706
60707
60708
60709
60710
60711
60712
60713
60714
60715
60720
60721
60722
60723
60724
60725
60726
60727
60728
60729
60730
60731
60732
60733
60734
60735
60736
60737
60738
60741
60742
60743
60744
60745
60746
60748
60749
61067
61068
61069
61070
61071
61072
61073
61074
61075
61076
61077
61078
61083
61084
61085
61086
61087
61088
61089
61090
61091
61092
61093
61094
61095
61096
61097
61098
61099
61100
61104
61105
61106
61107
61108
61111
61112
61430
61431
61432
61433
61434
61435
61436
61437
61438
61439
61440
61441
61446
61447
61448
61449
61450
61451
61452
61453
61454
61455
61456
61457
61458
61459
61460
61461
61462
61463
61467
61468
61469
61470
61471
61473
61474
61475
61793
61794
61795
61796
61797
61798
61799
61800
61801
61802
61803
61804
61808
61809
61810
61811
61812
61813
61814
61815
61816
61817
61818
61819
61820
61821
61822
61823
61824
61825
61826
61830
61831
61832
61833
61836
61837
61838
62156
62157
62158
62159
62160
62161
62162
62163
62164
62165
62166
62167
62172
62173
62174
62175
62176
62177
62178
62179
62180
62181
62182
62183
62184
62185
62186
62187
62188
62189
62190
62194
62195
62196
62197
62200
62201
62520
62521
62522
62523
62524
62525
62526
62527
62528
62529
62530
62531
62537
62538
62539
62540
62541
62542
62543
62544
62545
62546
62547
62548
62549
62550
62551
62552
62553
62554
62558
62559
62560
62561
62564
62565
62884
62885
62886
62887
62888
62889
62890
62891
62892
62893
62894
62895
62900
62901
62902
62903
62904
62905
62906
62907
62908
62909
62910
62911
62912
62913
62914
62915
62916
62917
62918
62922
62923
62924
62925
62928
62929
63249
63250
63251
63252
63253
63254
63255
63256
63257
63258
63259
63260
63266
63267
63268
63269
63270
63271
63272
63273
63274
63275
63276
63277
63278
63279
63280
63281
63282
63283
63287
63288
63289
63292
63293
63610
63614
63615
63616
63617
63618
63619
63620
63621
63622
63623
63624
63625
63631
63632
63633
63634
63635
63636
63637
63638
63639
63640
63641
63642
63643
63644
63645
63646
63647
63648
63652
63653
63654
63657
63658
63975
63979
63980
63981
63982
63983
63984
63985
63986
63987
63988
63989
63996
63997
63998
63999
64000
64001
64002
64003
64004
64005
64006
64007
64008
64009
64010
64011
64012
64013
64017
64018
64019
64022
64023
64340
64344
64345
64346
64347
64348
64349
64350
64351
64352
64353
64354
64361
64362
64363
64364
64365
64366
64367
64368
64369
64370
64371
64372
64373
64374
64375
64376
64377
64378
64382
64383
64386
64387
64388
64705
64709
64710
64711
64712
64713
64714
64715
64716
64717
64718
64719
64726
64727
64728
64729
64730
64731
64732
64733
64734
64735
64736
64737
64738
64739
64740
64741
64742
64743
64747
64748
64751
64752
65071
65075
65076
65077
65078
65079
65080
65081
65082
65083
65084
65085
65092
65093
65094
65095
65096
65097
65098
65099
65100
65101
65102
65103
65104
65105
65106
65107
65108
65109
65113
65114
65117
65118
65437
65442
65443
65444
65445
65446
65447
65448
65449
65450
65451
65458
65459
65460
65461
65462
65463
65464
65465
65466
65467
65468
65469
65470
65471
65472
65473
65474
65475
65479
65480
65482
65483
65803
65807
65808
65809
65810
65811
65812
65813
65814
65815
65816
65817
65824
65825
65826
65827
65828
65829
65830
65831
65832
65833
65834
65835
65836
65837
65838
65839
65840
65841
65845
65846
65848
65849
66169
66170
66175
66176
66177
66178
66179
66180
66181
66182
66183
66184
66192
66193
66194
66195
66196
66197
66198
66199
66200
66201
66202
66203
66204
66205
66206
66207
66208
66212
66215
66216
66217
66536
66537
66538
66542
66543
66544
66545
66546
66547
66548
66549
66550
66558
66559
66560
66561
66562
66563
66564
66565
66566
66567
66568
66569
66571
66572
66573
66574
66575
66578
66581
66582
66903
66904
66905
66909
66910
66911
66912
66913
66914
66915
66916
66917
66925
66926
66927
66928
66929
66930
66931
66932
66933
66934
66935
66936
66938
66939
66940
66941
66942
66948
66949
67270
67271
67272
67276
67277
67278
67279
67280
67281
67282
67283
67284
67288
67292
67293
67294
67295
67296
67297
67298
67299
67300
67301
67302
67303
67305
67306
67307
67308
67309
67312
67315
67637
67638
67639
67643
67644
67645
67646
67647
67648
67649
67650
67651
67655
67660
67661
67662
67663
67664
67665
67666
67667
67668
67669
67670
67671
67672
67673
67674
67675
67676
67679
67681
67682
67683
68001
68002
68003
68008
68009
68010
68011
68012
68013
68014
68015
68016
68020
68025
68026
68027
68028
68029
68030
68031
68032
68033
68034
68035
68036
68037
68038
68039
68040
68041
68046
68047
68360
68361
68368
68369
68370
68371
68372
68373
68374
68375
68380
68384
68385
68386
68387
68388
68389
68390
68391
68392
68393
68394
68395
68396
68397
68398
68399
68400
68405
68406
68407
68408
68409
68410
68411
68412
68413
68414
68415
68416
68417
68418
68419
68420
68421
68422
68423
68424
68425
68426
68427
68428
68429
68430
68431
68432
68433
68434
68435
68436
68437
68438
68439
68440
68441
68442
68443
68444
68445
68446
68447
68720
68721
68722
68723
68728
68729
68730
68731
68732
68733
68734
68735
68739
68740
68744
68745
68746
68747
68748
68749
68750
68751
68752
68753
68754
68755
68756
68757
68758
68759
68760
68761
68765
68766
68767
68768
68769
68770
68771
68772
68773
68774
68775
68776
68777
68778
68779
68780
68781
68782
68783
68784
68785
68786
68787
68788
68789
68790
68791
68792
68793
68794
68795
68796
68797
68798
68799
68800
68801
68802
68803
68804
68806
68807
69080
69081
69082
69083
69088
69089
69090
69091
69092
69093
69094
69095
69100
69105
69106
69107
69108
69109
69110
69111
69112
69113
69114
69115
69116
69117
69118
69119
69120
69121
69124
69125
69126
69127
69128
69129
69130
69131
69132
69133
69134
69135
69136
69137
69138
69139
69140
69141
69142
69143
69144
69145
69146
69147
69148
69149
69150
69151
69152
69153
69154
69155
69156
69157
69158
69159
69160
69161
69162
69163
69165
69166
69440
69441
69442
69443
69444
69448
69449
69450
69451
69452
69453
69454
69455
69460
69461
69465
69466
69467
69468
69469
69470
69471
69472
69477
69478
69479
69480
69481
69485
69486
69487
69488
69489
69490
69491
69492
69493
69494
69495
69496
69497
69498
69499
69500
69501
69502
69503
69504
69505
69506
69507
69508
69509
69510
69511
69512
69513
69514
69515
69516
69517
69518
69519
69520
69521
69522
69523
69525
69526
69800
69801
69802
69803
69804
69809
69810
69811
69812
69813
69814
69815
69816
69821
69822
69827
69828
69829
69830
69831
69832
69833
69834
69835
69839
69840
69841
69842
69846
69847
69848
69849
69850
69851
69852
69853
69854
69855
69856
69857
69858
69859
69860
69861
69862
69863
69864
69865
69866
69867
69868
69869
69870
69871
69872
69873
69874
69875
69876
69877
69878
69879
69880
69881
69882
69883
69886
70161
70162
70163
70164
70165
70166
70170
70171
70172
70173
70174
70175
70176
70177
70182
70183
70188
70189
70190
70191
70192
70193
70194
70199
70200
70201
70202
70203
70204
70207
70208
70209
70210
70211
70212
70213
70214
70215
70216
70217
70218
70219
70220
70221
70222
70223
70224
70225
70226
70227
70228
70229
70230
70231
70232
70233
70234
70235
70236
70237
70238
70239
70240
70241
70242
70243
70244
70246
70247
70518
70523
70524
70525
70526
70527
70528
70533
70534
70535
70536
70537
70538
70539
70544
70545
70546
70550
70551
70552
70553
70554
70555
70556
70557
70558
70559
70560
70561
70562
70563
70564
70565
70566
70570
70571
70572
70573
70574
70575
70576
70577
70578
70579
70580
70581
70582
70583
70584
70585
70586
70587
70588
70589
70590
70591
70592
70593
70594
70595
70596
70597
70598
70599
70600
70601
70602
70603
70604
70605
70606
70608
70609
70885
70886
70887
70888
70889
70890
70895
70896
70897
70898
70899
70900
70901
70902
70906
70907
70908
70913
70914
70915
70916
70917
70918
70919
70920
70921
70922
70923
70924
70925
70926
70927
70928
70932
70933
70934
70935
70936
70937
70938
70939
70940
70941
70942
70943
70944
70945
70946
70947
70948
70949
70950
70951
70952
70953
70954
70955
70956
70957
70958
70959
70960
70961
70962
70963
70964
70965
70966
70967
70969
70970
71242
71243
71248
71249
71250
71251
71252
71253
71257
71258
71259
71260
71261
71262
71263
71264
71268
71269
71270
71271
71275
71276
71277
71278
71279
71280
71281
71282
71283
71284
71285
71286
71287
71288
71289
71290
71291
71294
71295
71296
71297
71298
71299
71300
71301
71302
71303
71304
71305
71306
71307
71308
71309
71310
71311
71312
71313
71314
71315
71316
71317
71318
71319
71320
71321
71322
71323
71324
71325
71326
71327
71328
71329
71331
71332
71612
71613
71614
71615
71616
71621
71622
71623
71624
71625
71626
71627
71631
71632
71633
71634
71639
71640
71641
71642
71643
71644
71645
71646
71647
71648
71649
71650
71651
71652
71653
71654
71657
71658
71659
71660
71661
71662
71663
71664
71665
71666
71667
71668
71669
71670
71671
71672
71673
71674
71675
71676
71677
71678
71679
71680
71681
71682
71683
71684
71685
71686
71687
71688
71689
71690
71691
71692
71694
71974
71975
71976
71977
71978
71979
71983
71984
71985
71986
71987
71988
71989
71993
71994
71995
71996
72001
72002
72003
72004
72005
72006
72007
72008
72009
72010
72011
72012
72013
72014
72015
72016
72020
72021
72022
72023
72024
72025
72026
72027
72028
72029
72030
72031
72032
72033
72034
72035
72036
72037
72038
72039
72040
72041
72042
72043
72044
72045
72046
72047
72048
72049
72050
72051
72052
72053
72055
72056
72336
72337
72338
72339
72340
72341
72345
72346
72347
72348
72349
72350
72351
72356
72357
72358
72359
72364
72365
72366
72367
72368
72369
72370
72371
72372
72373
72374
72375
72376
72377
72378
72382
72383
72384
72385
72386
72387
72388
72389
72390
72391
72392
72393
72394
72395
72396
72397
72398
72399
72400
72401
72402
72403
72404
72405
72406
72407
72408
72409
72410
72411
72412
72413
72414
72415
72417
72418
72695
72696
72697
72698
72699
72700
72701
72705
72706
72707
72708
72709
72710
72715
72716
72717
72718
72723
72724
72725
72726
72727
72728
72729
72730
72731
72732
72733
72734
72735
72736
72737
72738
72741
72742
72743
72744
72745
72746
72747
72748
72749
72750
72751
72752
72753
72754
72755
72756
72757
72758
72759
72760
72761
72762
72763
72764
72765
72766
72767
72768
72769
72770
72771
72772
72773
72774
72776
73056
73057
73058
73059
73060
73061
73062
73066
73067
73068
73069
73070
73071
73072
73076
73077
73078
73079
73080
73085
73086
73087
73088
73089
73090
73091
73092
73093
73094
73095
73096
73097
73098
73099
73103
73104
73105
73106
73107
73108
73109
73110
73111
73112
73113
73114
73115
73116
73117
73118
73119
73120
73121
73122
73123
73124
73125
73126
73127
73128
73129
73130
73131
73132
73133
73134
73136
73137
73417
73418
73419
73420
73421
73422
73423
73427
73428
73429
73430
73431
73432
73436
73437
73438
73439
73440
73441
73445
73446
73447
73448
73449
73450
73451
73452
73453
73454
73455
73456
73457
73458
73459
73463
73464
73465
73466
73467
73468
73469
73470
73471
73472
73473
73474
73475
73476
73477
73478
73479
73480
73481
73482
73483
73484
73485
73486
73487
73488
73489
73490
73491
73492
73493
73494
73496
73497
73776
73777
73778
73779
73780
73781
73782
73783
73787
73788
73789
73790
73791
73792
73797
73798
73799
73800
73801
73806
73807
73808
73809
73810
73811
73812
73813
73814
73815
73816
73817
73818
73819
73820
73824
73825
73826
73827
73828
73829
73830
73831
73832
73833
73834
73835
73836
73837
73838
73839
73840
73841
73842
73843
73844
73845
73846
73847
73848
73849
73850
73851
73852
73853
73854
73856
74135
74136
74137
74139
74140
74141
74142
74147
74148
74149
74150
74151
74156
74157
74158
74159
74160
74161
74165
74166
74167
74168
74169
74170
74171
74172
74173
74174
74175
74176
74177
74178
74179
74183
74184
74185
74186
74187
74188
74189
74190
74191
74192
74193
74194
74195
74196
74197
74198
74199
74200
74201
74202
74203
74204
74205
74206
74207
74208
74209
74210
74211
74212
74215
74490
74494
74495
74498
74499
74500
74501
74502
74506
74507
74508
74509
74510
74511
74515
74516
74517
74518
74519
74520
74525
74526
74527
74528
74529
74530
74531
74532
74533
74534
74535
74536
74537
74538
74539
74542
74543
74544
74545
74546
74547
74548
74549
74550
74551
74552
74553
74554
74555
74556
74557
74558
74559
74560
74561
74562
74563
74564
74565
74566
74567
74568
74569
74570
74571
74574
74855
74857
74858
74859
74860
74861
74865
74866
74867
74868
74869
74873
74874
74875
74876
74877
74878
74879
74883
74884
74885
74886
74887
74888
74889
74890
74891
74892
74893
74894
74895
74896
74897
74901
74902
74903
74904
74905
74906
74907
74908
74909
74910
74911
74912
74913
74914
74915
74916
74917
74918
74919
74920
74921
74922
74923
74924
74925
74926
74927
74928
74929
74931
75214
75215
75216
75217
75218
75219
75223
75224
75225
75226
75227
75232
75233
75234
75235
75236
75237
75242
75243
75244
75245
75246
75247
75248
75249
75250
75251
75252
75253
75254
75255
75259
75260
75261
75262
75263
75264
75265
75266
75267
75268
75269
75270
75271
75272
75273
75274
75275
75276
75277
75278
75279
75280
75281
75282
75283
75284
75285
75286
75289
75571
75572
75573
75574
75575
75576
75577
75581
75582
75583
75584
75589
75590
75591
75592
75593
75594
75595
75600
75601
75602
75603
75604
75605
75606
75607
75608
75609
75610
75611
75612
75613
75616
75617
75618
75619
75620
75621
75622
75623
75624
75625
75626
75627
75628
75629
75630
75631
75632
75633
75634
75635
75636
75637
75638
75639
75640
75641
75642
75643
75645
75646
75928
75929
75930
75931
75932
75933
75934
75938
75939
75940
75941
75942
75946
75947
75948
75949
75950
75951
75952
75953
75957
75958
75959
75960
75961
75962
75963
75964
75965
75966
75967
75968
75969
75970
75974
75975
75976
75977
75978
75979
75980
75981
75982
75983
75984
75985
75986
75987
75988
75989
75990
75991
75992
75993
75994
75995
75996
75997
75998
75999
76000
76002
76284
76285
76286
76287
76288
76289
76290
76291
76295
76296
76297
76298
76302
76303
76304
76305
76306
76307
76308
76309
76314
76315
76316
76317
76318
76319
76320
76321
76322
76323
76324
76325
76326
76327
76330
76331
76332
76333
76334
76335
76336
76337
76338
76339
76340
76341
76342
76343
76344
76345
76346
76347
76348
76349
76350
76351
76352
76353
76354
76355
76358
76641
76642
76643
76644
76645
76646
76647
76648
76652
76653
76654
76655
76659
76660
76661
76662
76663
76664
76665
76666
76670
76671
76672
76673
76674
76675
76676
76677
76678
76679
76680
76681
76682
76683
76687
76688
76689
76690
76691
76692
76693
76694
76695
76696
76697
76698
76699
76700
76701
76702
76703
76704
76705
76706
76707
76708
76709
76710
76711
76714
76996
76998
76999
77000
77001
77002
77003
77007
77008
77009
77010
77014
77015
77016
77017
77018
77019
77020
77021
77022
77026
77027
77028
77029
77030
77031
77032
77033
77034
77035
77036
77037
77038
77039
77042
77043
77044
77045
77046
77047
77048
77049
77050
77051
77052
77053
77054
77055
77056
77057
77058
77059
77060
77061
77062
77063
77064
77065
77066
77068
77349
77353
77354
77355
77356
77357
77358
77359
77363
77364
77365
77369
77370
77371
77372
77373
77374
77375
77376
77377
77382
77383
77384
77385
77386
77387
77388
77389
77390
77391
77392
77393
77394
77397
77398
77399
77400
77401
77402
77403
77404
77405
77406
77407
77408
77409
77410
77411
77412
77413
77414
77415
77416
77417
77418
77419
77420
77423
77707
77708
77709
77710
77711
77712
77713
77717
77718
77719
77723
77724
77725
77726
77727
77728
77729
77730
77731
77732
77736
77737
77738
77739
77740
77741
77742
77743
77744
77745
77746
77747
77748
77752
77753
77754
77755
77756
77757
77758
77759
77760
77761
77762
77763
77764
77765
77766
77767
77768
77769
77770
77771
77772
77773
77774
77777
78062
78063
78064
78065
78066
78067
78068
78072
78073
78074
78078
78079
78080
78081
78082
78083
78084
78085
78086
78087
78091
78092
78093
78094
78095
78097
78098
78406
78407
78408
78409
78410
78411
78412
78413
78417
78418
78419
78423
78424
78425
78426
78427
78428
78429
78430
78431
78436
78437
78438
78439
78441
78442
78751
78752
78753
78754
78755
78756
78757
78758
78762
78763
78767
78768
78769
78770
78771
78772
78773
78774
78775
78781
78782
78783
78785
78786
79094
79095
79096
79097
79098
79099
79100
79101
79102
79106
79107
79112
79113
79114
79115
79116
79117
79118
79119
79120
79121
79125
79126
79127
79130
79438
79439
79440
79441
79442
79443
79444
79445
79446
79447
79451
79452
79456
79457
79458
79459
79460
79461
79462
79463
79464
79465
79466
79470
79471
79474
79782
79783
79784
79785
79786
79787
79788
79789
79790
79791
79792
79796
79800
79801
79802
79803
79804
79805
79806
79807
79808
79809
79810
79811
79815
79818
80127
80129
80130
80131
80132
80133
80134
80135
80136
80137
80141
80145
80146
80147
80148
80149
80150
80151
80152
80153
80154
80155
80162
80471
80472
80473
80474
80475
80476
80477
80478
80479
80480
80481
80482
80489
80490
80491
80492
80493
80494
80495
80496
80497
80498
80499
80500
80506
80816
80817
80818
80819
80820
80821
80822
80823
80824
80825
80826
80830
80834
80835
80836
80837
80838
80839
80840
80841
80842
80843
80844
80845
80850
81160
81161
81162
81163
81164
81165
81166
81167
81168
81169
81170
81171
81178
81179
81180
81181
81182
81183
81184
81185
81186
81187
81188
81189
81190
81194
81195
81196
81197
81504
81505
81506
81507
81508
81509
81510
81511
81512
81513
81514
81515
81541
81885
82229
82573
83950
84294
210104
210404
210412
210413
210729
210730
210746
210748
210749
211090
211107
211108
211417
211758
211759
212099
212100
212441
212782
212783
213123
213124
213462
213463
213464
213465
213804
214141
214142
214143
214144
214145
214146
214477
214817
214818
215158
217883
217884
220698
221057
221058
221412
221418
221419
222513
222524
222538
222875
222876
222877
222878
222879
222880
222881
222885
222886
222887
222891
222892
222893
222894
222895
222896
222897
222898
222899
222900
222901
222902
222903
222904
222905
222906
222907
222908
222909
222910
222911
222912
222913
222914
222915
222916
222917
222918
222919
222920
222921
222922
222923
222924
222925
222926
222927
222928
222929
222930
223235
223236
223237
223238
223239
223240
223241
223246
223247
223252
223253
223254
223255
223256
223257
223258
223259
223260
223261
223262
223263
223264
223265
223266
223267
223268
223269
223270
223271
223272
223273
223274
223275
223276
223277
223278
223279
223280
223281
223282
223283
223284
223285
223286
223287
223288
223289
223290
223291
225383
226077
226078
226079
226416
226417
226418
226761
226762
226763
226764
227122
227819
227820
227821
227822
227823
228179
228180
228181
228182
228183
228543
228544
228545
228546
228547
228907
228908
228910
228911
228954
229681
230800
230801
230802
230803
231088
231162
231163
231164
231165
231166
231525
231526
231527
231528
231864
231870
231871
231872
231873
231874
231875
231876
231877
231878
231879
231880
231881
231882
231883
231884
231885
231886
231887
231888
231889
231890
231891
235835
236195
236555
237634
237994
238353
238354
238713
238714
239072
239073
239432
239433
239793
240153
240154
240514
240515
240874
240875
240876
241235
241236
241596
241597
241910
241959
241960
241961
241962
242275
242276
242278
242324
242325
242326
242641
242642
242643
242644
242690
242691
242692
243009
243010
243011
243012
243020
243024
243026
243058
243059
243060
243378
243380
243381
243382
243383
243384
243389
243390
243391
243392
243427
243428
243429
243747
243748
243749
243750
243751
243753
243754
243758
243759
243760
243761
243764
243765
243766
243782
243797
243798
243799
244117
244118
244119
244120
244121
244122
244123
244124
244128
244129
244130
244131
244132
244134
244135
244136
244141
244142
244167
244168
244487
244488
244489
244490
244491
244492
244493
244498
244499
244500
244501
244502
244503
244504
244505
244506
244511
244517
244536
244537
244538
244539
244857
244858
244859
244860
244861
244862
244863
244868
244869
244870
244871
244872
244873
244874
244875
244876
244881
244882
244885
244887
244906
244907
244908
245227
245228
245229
245230
245231
245232
245233
245238
245239
245240
245241
245242
245243
245244
245245
245246
245251
245253
245255
245257
245276
245277
245278
245279
245597
245598
245599
245600
245603
245608
245609
245610
245611
245612
245613
245614
245615
245616
245620
245621
245622
245625
245626
245627
245633
245646
245647
245648
245967
245968
245969
245970
245978
245979
245980
245981
245982
245983
245984
245985
245990
245991
245992
245993
245994
245995
245996
245997
246002
246004
246006
246016
246017
246018
246337
246338
246339
246340
246348
246349
246350
246351
246352
246353
246354
246355
246360
246361
246362
246363
246364
246365
246366
246372
246374
246379
246380
246386
246387
246388
246707
246708
246709
246710
246718
246719
246720
246721
246722
246723
246724
246725
246730
246731
246732
246733
246734
246735
246736
246741
246742
246744
246750
246756
246757
246758
247076
247077
247078
247079
247080
247081
247082
247087
247088
247089
247090
247091
247092
247093
247094
247095
247100
247101
247102
247103
247104
247105
247106
247111
247112
247113
247114
247115
247117
247118
247119
247120
247122
247124
247125
247126
247127
247128
247446
247447
247448
247449
247450
247451
247452
247457
247458
247459
247460
247461
247462
247463
247464
247465
247470
247471
247472
247473
247474
247475
247476
247481
247482
247483
247484
247488
247489
247490
247491
247492
247495
247496
247497
247498
247816
247817
247818
247819
247820
247822
247827
247828
247829
247830
247831
247832
247833
247834
247839
247840
247841
247842
247843
247844
247845
247846
247847
247851
247852
247853
247859
247860
247861
247862
247863
247864
247865
247866
247867
247868
248186
248187
248188
248189
248190
248191
248197
248198
248199
248200
248201
248202
248203
248204
248209
248210
248211
248212
248213
248214
248215
248216
248217
248221
248222
248223
248224
248225
248226
248227
248228
248229
248230
248231
248232
248233
248234
248235
248236
248237
248238
248556
248557
248558
248559
248560
248561
248567
248568
248569
248570
248571
248572
248573
248574
248579
248580
248581
248582
248583
248584
248585
248586
248587
248591
248592
248593
248594
248595
248596
248597
248598
248599
248600
248601
248602
248603
248604
248605
248606
248607
248926
248927
248928
248929
248930
248931
248937
248938
248939
248940
248941
248942
248943
248944
248949
248950
248951
248952
248953
248954
248955
248956
248957
248961
248962
248963
248964
248965
248966
248967
248968
248969
248970
248971
248972
248973
248974
248975
248976
248977
249296
249297
249298
249299
249300
249301
249307
249308
249309
249310
249311
249312
249313
249314
249319
249320
249321
249322
249323
249324
249325
249326
249327
249331
249332
249333
249334
249335
249336
249337
249338
249339
249340
249341
249342
249343
249344
249345
249346
249347
249667
249668
249669
249670
249677
249678
249679
249680
249681
249682
249683
249684
249688
249689
249690
249691
249692
249693
249694
249695
249696
249697
249701
249702
249703
249704
249705
249706
249707
249708
249709
249710
249711
249712
249713
249714
249715
249716
249717
251897
251898
251899
251900
251901
251902
251903
251908
251909
251910
251911
251912
251913
251914
251915
251916
251917
251921
251922
251923
251924
251925
251926
251927
251928
251929
251930
251931
251932
251933
251934
251935
251936
251937
251938
252255
252256
252257
252258
252259
252260
252267
252268
252269
252270
252271
252272
252273
252278
252279
252280
252281
252282
252283
252284
252285
252286
252287
252291
252292
252293
252294
252295
252296
252297
252298
252299
252300
252301
252302
252303
252304
252306
252307
252626
252627
252628
252629
252630
252637
252638
252639
252640
252641
252642
252643
252648
252649
252650
252651
252652
252653
252654
252655
252656
252657
252661
252662
252663
252664
252665
252666
252667
252668
252669
252670
252671
252672
252673
252674
252675
252676
252677
252678
252996
252997
252998
252999
253000
253008
253009
253010
253011
253012
253013
253018
253019
253020
253021
253022
253023
253024
253025
253026
253027
253031
253032
253033
253034
253035
253036
253037
253038
253039
253040
253041
253042
253043
253044
253046
253047
253366
253367
253368
253369
253370
253378
253379
253380
253381
253382
253383
253388
253389
253390
253391
253392
253393
253394
253395
253396
253397
253401
253402
253403
253404
253405
253406
253407
253408
253409
253410
253411
253412
253413
253414
253415
253416
253417
253418
253736
253737
253738
253739
253740
253748
253749
253750
253751
253752
253753
253758
253759
253760
253761
253762
253763
253764
253765
253766
253767
253771
253772
253773
253774
253775
253776
253777
253778
253779
253780
253781
253782
253783
253784
253786
253787
254106
254107
254108
254109
254110
254118
254119
254120
254121
254122
254123
254128
254129
254130
254131
254132
254133
254134
254135
254136
254137
254141
254142
254143
254144
254145
254146
254147
254148
254149
254150
254151
254152
254153
254154
254155
254156
254157
254158
254476
254477
254478
254479
254480
254488
254489
254490
254491
254492
254493
254498
254499
254500
254501
254502
254503
254504
254505
254506
254507
254511
254512
254513
254514
254515
254516
254517
254518
254519
254520
254521
254522
254523
254524
254526
254527
254846
254847
254848
254849
254858
254859
254860
254861
254862
254863
254868
254869
254870
254871
254872
254873
254874
254875
254876
254877
254881
254882
254883
254884
254885
254886
254887
254888
254889
254890
254891
254892
254893
254894
254895
254896
254897
254898
Coefficient of the plane:
0.994954 0.0497172 -0.0871422 -23.3573
Inliers Indices
Indices Size:
6037
Data:
39801
39802
39803
39804
39805
39813
39814
39815
39816
39817
39818
39819
39823
39824
39825
39826
39827
39828
39829
39830
39831
39832
39836
39837
39838
39839
39840
39841
39842
39843
39844
39845
39846
39847
39848
39849
39850
39851
39852
39853
40171
40172
40173
40174
40175
40183
40184
40185
40186
40187
40188
40193
40194
40195
40196
40197
40198
40199
40200
40201
40202
40206
40207
40208
40209
40210
40211
40212
40213
40214
40215
40216
40217
40218
40219
40221
40222
40541
40542
40543
40544
40545
40553
40554
40555
40556
40557
40558
40563
40564
40565
40566
40567
40568
40569
40570
40571
40572
40576
40577
40578
40579
40580
40581
40582
40583
40584
40585
40586
40587
40588
40589
40590
40591
40592
40593
40911
40912
40913
40914
40915
40923
40924
40925
40926
40927
40928
40933
40934
40935
40936
40937
40938
40939
40940
40941
40942
40946
40947
40948
40949
40950
40951
40952
40953
40954
40955
40956
40957
40958
40959
40960
40961
40962
41281
41282
41283
41284
41285
41293
41294
41295
41296
41297
41298
41303
41304
41305
41306
41307
41308
41309
41310
41311
41312
41316
41317
41318
41319
41320
41321
41322
41323
41324
41325
41326
41327
41328
41329
41331
41332
41652
41653
41654
41655
41656
41660
41663
41664
41665
41666
41667
41668
41673
41674
41675
41676
41677
41678
41679
41680
41681
41682
41686
41687
41688
41689
41690
41691
41692
41693
41694
41695
41696
41697
41698
41699
41700
41701
41702
41703
42017
42018
42022
42023
42024
42025
42026
42030
42033
42034
42035
42036
42037
42038
42043
42044
42045
42046
42047
42048
42049
42050
42051
42052
42056
42057
42058
42059
42060
42061
42062
42063
42064
42065
42066
42067
42068
42069
42070
42071
42072
42073
42387
42388
42392
42393
42394
42395
42396
42400
42403
42404
42405
42406
42407
42408
42413
42414
42415
42416
42417
42418
42419
42420
42421
42422
42423
42426
42427
42428
42429
42430
42431
42432
42433
42434
42435
42436
42437
42438
42439
42441
42442
42757
42758
42763
42764
42765
42766
42770
42773
42774
42775
42776
42777
42778
42783
42784
42785
42786
42787
42788
42789
42790
42791
42792
42793
42797
42798
42799
42800
42801
42802
42803
42804
42805
42806
42807
42808
42809
42811
42812
43135
43136
43140
43143
43144
43145
43146
43147
43148
43153
43154
43155
43156
43157
43158
43159
43160
43161
43162
43163
43167
43168
43169
43170
43171
43172
43173
43174
43175
43176
43177
43178
43179
43181
43182
43183
43503
43505
43506
43510
43513
43514
43515
43516
43517
43518
43523
43524
43525
43526
43527
43528
43529
43530
43531
43532
43533
43537
43538
43539
43540
43541
43542
43543
43544
43545
43546
43547
43548
43549
43550
43551
43552
43553
43873
43875
43876
43880
43884
43885
43886
43887
43888
43893
43894
43895
43896
43897
43898
43899
43900
43901
43902
43903
43907
43908
43909
43910
43911
43912
43913
43914
43915
43916
43917
43918
43919
43920
43922
43923
44243
44245
44246
44250
44254
44255
44256
44257
44258
44263
44264
44265
44266
44267
44268
44269
44270
44271
44272
44273
44277
44278
44279
44280
44281
44282
44283
44284
44285
44286
44287
44288
44289
44290
44291
44292
44293
44608
44609
44613
44614
44615
44620
44621
44624
44625
44626
44627
44628
44633
44634
44635
44636
44637
44638
44639
44640
44641
44642
44643
44647
44648
44649
44650
44651
44652
44653
44654
44655
44656
44657
44658
44659
44660
44662
44663
44982
44983
44984
44989
44994
44995
44996
44997
44998
45003
45004
45005
45006
45007
45008
45009
45010
45011
45012
45013
45017
45018
45019
45020
45021
45022
45023
45024
45025
45026
45027
45028
45029
45030
45032
45033
45352
45353
45354
45355
45360
45364
45365
45366
45367
45368
45373
45374
45375
45376
45377
45378
45379
45380
45381
45382
45383
45384
45387
45388
45389
45390
45391
45392
45393
45394
45395
45396
45397
45398
45399
45401
45402
45403
45722
45723
45724
45725
45730
45735
45736
45737
45738
45743
45744
45745
45746
45747
45748
45749
45750
45751
45752
45753
45754
45758
45759
45760
45761
45762
45763
45764
45765
45766
45767
45768
45769
45771
45772
45773
46093
46094
46095
46100
46101
46105
46106
46107
46108
46113
46114
46115
46116
46117
46118
46119
46120
46121
46122
46123
46124
46128
46129
46130
46131
46132
46133
46134
46135
46136
46137
46138
46139
46140
46142
46143
46144
46463
46464
46465
46469
46470
46471
46475
46476
46477
46478
46479
46483
46484
46485
46486
46487
46488
46489
46490
46491
46492
46493
46494
46495
46498
46499
46500
46501
46502
46503
46504
46505
46506
46507
46508
46509
46510
46512
46513
46514
46833
46834
46835
46839
46840
46841
46845
46846
46847
46848
46849
46854
46855
46856
46857
46858
46859
46860
46861
46862
46863
46864
46865
46869
46870
46871
46872
46873
46874
46875
46876
46877
46878
46879
46880
46882
46883
46884
47203
47204
47205
47209
47210
47211
47216
47217
47218
47219
47224
47225
47226
47227
47228
47229
47230
47231
47232
47233
47234
47235
47239
47240
47241
47242
47243
47244
47245
47246
47247
47248
47249
47250
47252
47253
47254
47574
47576
47579
47580
47581
47586
47587
47588
47589
47594
47595
47596
47597
47598
47599
47600
47601
47602
47603
47604
47605
47609
47610
47611
47612
47613
47614
47615
47616
47617
47618
47619
47620
47622
47623
47624
47944
47949
47950
47951
47952
47956
47957
47958
47959
47964
47965
47966
47967
47968
47969
47970
47971
47972
47973
47974
47975
47976
47980
47981
47982
47983
47984
47985
47986
47987
47988
47989
47990
47993
47994
48314
48319
48320
48321
48322
48327
48328
48329
48334
48335
48336
48337
48338
48339
48340
48341
48342
48343
48344
48345
48346
48350
48351
48352
48353
48354
48355
48356
48357
48358
48359
48360
48363
48364
48684
48685
48689
48690
48691
48692
48697
48698
48699
48700
48704
48705
48706
48707
48708
48709
48710
48711
48712
48713
48714
48715
48716
48720
48721
48722
48723
48724
48725
48726
48727
48728
48729
48730
48731
48733
48734
48735
49055
49059
49060
49061
49062
49063
49067
49068
49069
49070
49074
49075
49076
49077
49078
49079
49080
49081
49082
49083
49084
49085
49086
49087
49090
49091
49092
49093
49094
49095
49096
49097
49098
49099
49100
49101
49103
49104
49105
49425
49427
49430
49431
49432
49433
49438
49439
49440
49445
49446
49447
49448
49449
49450
49451
49452
49453
49454
49455
49456
49457
49461
49462
49463
49464
49465
49466
49467
49468
49469
49470
49471
49473
49474
49475
49795
49800
49801
49802
49803
49804
49808
49809
49810
49815
49816
49817
49818
49819
49820
49821
49822
49823
49824
49825
49826
49827
49831
49832
49833
49834
49835
49836
49837
49838
49839
49840
49841
49842
49844
49845
49846
50171
50172
50173
50174
50179
50180
50185
50186
50187
50188
50189
50190
50191
50192
50193
50194
50195
50196
50197
50198
50202
50203
50204
50205
50206
50207
50208
50209
50210
50211
50212
50215
50536
50542
50543
50544
50545
50549
50550
50551
50556
50557
50558
50559
50560
50561
50562
50563
50564
50565
50566
50567
50568
50572
50573
50574
50575
50576
50577
50578
50579
50580
50581
50582
50584
50585
50586
50906
50910
50911
50912
50913
50914
50915
50920
50921
50926
50927
50928
50929
50930
50931
50932
50933
50934
50935
50936
50937
50938
50939
50943
50944
50945
50946
50947
50948
50949
50950
50951
50952
50955
50956
51280
51281
51282
51283
51284
51285
51286
51290
51291
51296
51297
51298
51299
51300
51301
51302
51303
51304
51305
51306
51307
51308
51309
51313
51314
51315
51316
51317
51318
51319
51320
51321
51322
51325
51326
51651
51652
51653
51654
51655
51656
51661
51662
51666
51667
51668
51669
51670
51671
51672
51673
51674
51675
51676
51677
51678
51679
51680
51683
51684
51685
51686
51687
51688
51689
51690
51691
51692
51693
51696
51697
52020
52021
52022
52023
52024
52025
52026
52030
52031
52036
52037
52038
52039
52040
52041
52042
52043
52044
52045
52046
52047
52048
52049
52053
52054
52055
52056
52057
52058
52059
52060
52061
52062
52064
52065
52066
52067
52386
52387
52388
52389
52390
52391
52392
52397
52402
52403
52404
52405
52406
52407
52408
52409
52410
52411
52412
52413
52414
52415
52416
52419
52420
52421
52422
52423
52424
52425
52426
52427
52428
52431
52432
52433
52750
52751
52752
52753
52754
52755
52756
52757
52761
52762
52767
52768
52769
52770
52771
52772
52773
52774
52775
52776
52777
52778
52779
52780
52784
52785
52786
52787
52788
52789
52790
52791
52792
52793
52796
53113
53114
53115
53116
53117
53118
53119
53124
53129
53130
53131
53132
53133
53134
53135
53136
53137
53138
53139
53140
53141
53142
53146
53147
53148
53149
53150
53151
53152
53153
53154
53155
53158
53159
53474
53475
53476
53477
53478
53479
53480
53481
53485
53490
53491
53492
53493
53494
53495
53496
53497
53498
53499
53500
53501
53502
53503
53504
53508
53509
53510
53511
53512
53513
53514
53515
53516
53517
53519
53520
53521
53835
53836
53837
53838
53839
53840
53841
53842
53847
53852
53853
53854
53855
53856
53857
53858
53859
53860
53861
53862
53863
53864
53865
53866
53870
53871
53872
53873
53874
53875
53876
53877
53878
53881
53882
53883
54197
54198
54199
54200
54201
54202
54203
54204
54213
54214
54215
54216
54217
54218
54219
54220
54221
54222
54223
54224
54225
54226
54227
54231
54232
54233
54234
54235
54236
54237
54238
54239
54242
54243
54244
54558
54559
54560
54561
54562
54563
54564
54565
54566
54570
54575
54576
54577
54578
54579
54580
54581
54582
54583
54584
54585
54586
54587
54588
54589
54593
54594
54595
54596
54597
54598
54599
54600
54601
54603
54604
54605
54919
54920
54921
54922
54923
54924
54925
54926
54927
54936
54937
54938
54939
54940
54941
54942
54943
54944
54945
54946
54947
54948
54949
54950
54954
54955
54956
54957
54958
54959
54960
54961
54962
54965
54966
55280
55281
55282
55283
55284
55285
55286
55287
55288
55296
55297
55298
55299
55300
55301
55302
55303
55304
55305
55306
55307
55308
55309
55310
55311
55316
55317
55318
55319
55320
55321
55322
55323
55325
55326
55327
55640
55641
55642
55643
55644
55645
55646
55647
55648
55657
55658
55659
55660
55661
55662
55663
55664
55665
55666
55667
55668
55669
55670
55671
55672
55679
55680
55681
55682
55683
55686
55687
56004
56005
56006
56007
56008
56009
56017
56018
56019
56020
56021
56022
56023
56024
56025
56026
56027
56028
56029
56030
56031
56032
56036
56037
56038
56039
56040
56041
56042
56043
56044
56047
56361
56362
56363
56364
56365
56366
56367
56368
56369
56370
56378
56379
56380
56381
56382
56383
56384
56385
56386
56387
56388
56389
56390
56391
56392
56393
56399
56400
56401
56402
56403
56404
56407
56408
56721
56722
56723
56724
56725
56726
56727
56728
56729
56730
56731
56738
56739
56740
56741
56742
56743
56744
56745
56746
56747
56748
56749
56750
56751
56752
56753
56759
56760
56761
56762
56763
56764
56765
56767
56768
56769
57082
57083
57084
57085
57086
57087
57088
57089
57090
57091
57099
57100
57101
57102
57103
57104
57105
57106
57107
57108
57109
57110
57111
57112
57113
57114
57115
57117
57118
57119
57120
57121
57122
57123
57124
57125
57128
57129
57130
57443
57444
57445
57446
57447
57448
57449
57450
57451
57452
57459
57460
57461
57462
57463
57464
57465
57466
57467
57468
57469
57470
57471
57472
57473
57474
57475
57479
57480
57481
57482
57483
57484
57485
57486
57488
57489
57490
57804
57805
57806
57807
57808
57809
57810
57811
57812
57813
57814
57821
57822
57823
57824
57825
57826
57827
57828
57829
57830
57831
57832
57833
57834
57835
57836
57837
57841
57842
57843
57844
57845
57846
57847
57850
57851
58168
58169
58170
58171
58172
58173
58174
58175
58176
58177
58178
58185
58186
58187
58188
58189
58190
58191
58192
58193
58194
58195
58196
58197
58198
58199
58200
58201
58205
58206
58207
58208
58209
58210
58211
58213
58214
58215
58531
58532
58533
58534
58535
58536
58537
58538
58539
58540
58541
58547
58548
58549
58550
58551
58552
58553
58554
58555
58556
58557
58558
58559
58560
58561
58562
58563
58567
58568
58569
58570
58571
58572
58573
58576
58577
58893
58894
58895
58896
58897
58898
58899
58900
58901
58902
58909
58910
58911
58912
58913
58914
58915
58916
58917
58918
58919
58920
58921
58922
58923
58924
58925
58929
58930
58931
58932
58933
58934
58935
58938
58939
59254
59255
59256
59257
59258
59259
59260
59261
59262
59263
59264
59270
59271
59272
59273
59274
59275
59276
59277
59278
59279
59280
59281
59282
59283
59284
59285
59286
59287
59291
59292
59293
59294
59295
59296
59299
59300
59616
59617
59618
59619
59620
59621
59622
59623
59624
59625
59626
59632
59633
59634
59635
59636
59637
59638
59639
59640
59641
59642
59643
59644
59645
59646
59647
59648
59649
59653
59654
59655
59656
59657
59658
59661
59662
59978
59979
59980
59981
59982
59983
59984
59985
59986
59987
59988
59989
59995
59996
59997
59998
59999
60000
60001
60002
60003
60004
60005
60006
60007
60008
60009
60010
60011
60012
60016
60017
60018
60019
60020
60023
60024
60025
60341
60342
60343
60344
60345
60346
60347
60348
60349
60350
60351
60352
60357
60358
60359
60360
60361
60362
60363
60364
60365
60366
60367
60368
60369
60370
60371
60372
60373
60374
60375
60378
60379
60380
60381
60382
60383
60386
60387
60704
60705
60706
60707
60708
60709
60710
60711
60712
60713
60714
60715
60720
60721
60722
60723
60724
60725
60726
60727
60728
60729
60730
60731
60732
60733
60734
60735
60736
60737
60738
60741
60742
60743
60744
60745
60746
60748
60749
61067
61068
61069
61070
61071
61072
61073
61074
61075
61076
61077
61078
61083
61084
61085
61086
61087
61088
61089
61090
61091
61092
61093
61094
61095
61096
61097
61098
61099
61100
61104
61105
61106
61107
61108
61111
61112
61430
61431
61432
61433
61434
61435
61436
61437
61438
61439
61440
61441
61446
61447
61448
61449
61450
61451
61452
61453
61454
61455
61456
61457
61458
61459
61460
61461
61462
61463
61467
61468
61469
61470
61471
61473
61474
61475
61793
61794
61795
61796
61797
61798
61799
61800
61801
61802
61803
61804
61808
61809
61810
61811
61812
61813
61814
61815
61816
61817
61818
61819
61820
61821
61822
61823
61824
61825
61826
61830
61831
61832
61833
61836
61837
61838
62156
62157
62158
62159
62160
62161
62162
62163
62164
62165
62166
62167
62172
62173
62174
62175
62176
62177
62178
62179
62180
62181
62182
62183
62184
62185
62186
62187
62188
62189
62190
62194
62195
62196
62197
62200
62201
62520
62521
62522
62523
62524
62525
62526
62527
62528
62529
62530
62531
62537
62538
62539
62540
62541
62542
62543
62544
62545
62546
62547
62548
62549
62550
62551
62552
62553
62554
62558
62559
62560
62561
62564
62565
62884
62885
62886
62887
62888
62889
62890
62891
62892
62893
62894
62895
62900
62901
62902
62903
62904
62905
62906
62907
62908
62909
62910
62911
62912
62913
62914
62915
62916
62917
62918
62922
62923
62924
62925
62928
62929
63249
63250
63251
63252
63253
63254
63255
63256
63257
63258
63259
63260
63266
63267
63268
63269
63270
63271
63272
63273
63274
63275
63276
63277
63278
63279
63280
63281
63282
63283
63287
63288
63289
63292
63293
63610
63614
63615
63616
63617
63618
63619
63620
63621
63622
63623
63624
63625
63631
63632
63633
63634
63635
63636
63637
63638
63639
63640
63641
63642
63643
63644
63645
63646
63647
63648
63652
63653
63654
63657
63658
63975
63979
63980
63981
63982
63983
63984
63985
63986
63987
63988
63989
63996
63997
63998
63999
64000
64001
64002
64003
64004
64005
64006
64007
64008
64009
64010
64011
64012
64013
64017
64018
64019
64022
64023
64340
64344
64345
64346
64347
64348
64349
64350
64351
64352
64353
64354
64361
64362
64363
64364
64365
64366
64367
64368
64369
64370
64371
64372
64373
64374
64375
64376
64377
64378
64382
64383
64386
64387
64388
64705
64709
64710
64711
64712
64713
64714
64715
64716
64717
64718
64719
64726
64727
64728
64729
64730
64731
64732
64733
64734
64735
64736
64737
64738
64739
64740
64741
64742
64743
64747
64748
64751
64752
65071
65075
65076
65077
65078
65079
65080
65081
65082
65083
65084
65085
65092
65093
65094
65095
65096
65097
65098
65099
65100
65101
65102
65103
65104
65105
65106
65107
65108
65109
65113
65114
65117
65118
65437
65442
65443
65444
65445
65446
65447
65448
65449
65450
65451
65458
65459
65460
65461
65462
65463
65464
65465
65466
65467
65468
65469
65470
65471
65472
65473
65474
65475
65479
65480
65482
65483
65803
65807
65808
65809
65810
65811
65812
65813
65814
65815
65816
65817
65824
65825
65826
65827
65828
65829
65830
65831
65832
65833
65834
65835
65836
65837
65838
65839
65840
65841
65845
65846
65848
65849
66169
66170
66175
66176
66177
66178
66179
66180
66181
66182
66183
66184
66192
66193
66194
66195
66196
66197
66198
66199
66200
66201
66202
66203
66204
66205
66206
66207
66208
66212
66215
66216
66217
66536
66537
66538
66542
66543
66544
66545
66546
66547
66548
66549
66550
66558
66559
66560
66561
66562
66563
66564
66565
66566
66567
66568
66569
66571
66572
66573
66574
66575
66578
66581
66582
66903
66904
66905
66909
66910
66911
66912
66913
66914
66915
66916
66917
66925
66926
66927
66928
66929
66930
66931
66932
66933
66934
66935
66936
66938
66939
66940
66941
66942
66948
66949
67270
67271
67272
67276
67277
67278
67279
67280
67281
67282
67283
67284
67288
67292
67293
67294
67295
67296
67297
67298
67299
67300
67301
67302
67303
67305
67306
67307
67308
67309
67312
67315
67637
67638
67639
67643
67644
67645
67646
67647
67648
67649
67650
67651
67655
67660
67661
67662
67663
67664
67665
67666
67667
67668
67669
67670
67671
67672
67673
67674
67675
67676
67679
67681
67682
67683
68001
68002
68003
68008
68009
68010
68011
68012
68013
68014
68015
68016
68020
68025
68026
68027
68028
68029
68030
68031
68032
68033
68034
68035
68036
68037
68038
68039
68040
68041
68046
68047
68360
68361
68368
68369
68370
68371
68372
68373
68374
68375
68380
68384
68385
68386
68387
68388
68389
68390
68391
68392
68393
68394
68395
68396
68397
68398
68399
68400
68405
68406
68407
68408
68409
68410
68411
68412
68413
68414
68415
68416
68417
68418
68419
68420
68421
68422
68423
68424
68425
68426
68427
68428
68429
68430
68431
68432
68433
68434
68435
68436
68437
68438
68439
68440
68441
68442
68443
68444
68445
68446
68447
68720
68721
68722
68723
68728
68729
68730
68731
68732
68733
68734
68735
68739
68740
68744
68745
68746
68747
68748
68749
68750
68751
68752
68753
68754
68755
68756
68757
68758
68759
68760
68761
68765
68766
68767
68768
68769
68770
68771
68772
68773
68774
68775
68776
68777
68778
68779
68780
68781
68782
68783
68784
68785
68786
68787
68788
68789
68790
68791
68792
68793
68794
68795
68796
68797
68798
68799
68800
68801
68802
68803
68804
68806
68807
69080
69081
69082
69083
69088
69089
69090
69091
69092
69093
69094
69095
69100
69105
69106
69107
69108
69109
69110
69111
69112
69113
69114
69115
69116
69117
69118
69119
69120
69121
69124
69125
69126
69127
69128
69129
69130
69131
69132
69133
69134
69135
69136
69137
69138
69139
69140
69141
69142
69143
69144
69145
69146
69147
69148
69149
69150
69151
69152
69153
69154
69155
69156
69157
69158
69159
69160
69161
69162
69163
69165
69166
69440
69441
69442
69443
69444
69448
69449
69450
69451
69452
69453
69454
69455
69460
69461
69465
69466
69467
69468
69469
69470
69471
69472
69477
69478
69479
69480
69481
69485
69486
69487
69488
69489
69490
69491
69492
69493
69494
69495
69496
69497
69498
69499
69500
69501
69502
69503
69504
69505
69506
69507
69508
69509
69510
69511
69512
69513
69514
69515
69516
69517
69518
69519
69520
69521
69522
69523
69525
69526
69800
69801
69802
69803
69804
69809
69810
69811
69812
69813
69814
69815
69816
69821
69822
69827
69828
69829
69830
69831
69832
69833
69834
69835
69839
69840
69841
69842
69846
69847
69848
69849
69850
69851
69852
69853
69854
69855
69856
69857
69858
69859
69860
69861
69862
69863
69864
69865
69866
69867
69868
69869
69870
69871
69872
69873
69874
69875
69876
69877
69878
69879
69880
69881
69882
69883
69886
70161
70162
70163
70164
70165
70166
70170
70171
70172
70173
70174
70175
70176
70177
70182
70183
70188
70189
70190
70191
70192
70193
70194
70199
70200
70201
70202
70203
70204
70207
70208
70209
70210
70211
70212
70213
70214
70215
70216
70217
70218
70219
70220
70221
70222
70223
70224
70225
70226
70227
70228
70229
70230
70231
70232
70233
70234
70235
70236
70237
70238
70239
70240
70241
70242
70243
70244
70246
70247
70518
70523
70524
70525
70526
70527
70528
70533
70534
70535
70536
70537
70538
70539
70544
70545
70546
70550
70551
70552
70553
70554
70555
70556
70557
70558
70559
70560
70561
70562
70563
70564
70565
70566
70570
70571
70572
70573
70574
70575
70576
70577
70578
70579
70580
70581
70582
70583
70584
70585
70586
70587
70588
70589
70590
70591
70592
70593
70594
70595
70596
70597
70598
70599
70600
70601
70602
70603
70604
70605
70606
70608
70609
70885
70886
70887
70888
70889
70890
70895
70896
70897
70898
70899
70900
70901
70902
70906
70907
70908
70913
70914
70915
70916
70917
70918
70919
70920
70921
70922
70923
70924
70925
70926
70927
70928
70932
70933
70934
70935
70936
70937
70938
70939
70940
70941
70942
70943
70944
70945
70946
70947
70948
70949
70950
70951
70952
70953
70954
70955
70956
70957
70958
70959
70960
70961
70962
70963
70964
70965
70966
70967
70969
70970
71242
71243
71248
71249
71250
71251
71252
71253
71257
71258
71259
71260
71261
71262
71263
71264
71268
71269
71270
71271
71275
71276
71277
71278
71279
71280
71281
71282
71283
71284
71285
71286
71287
71288
71289
71290
71291
71294
71295
71296
71297
71298
71299
71300
71301
71302
71303
71304
71305
71306
71307
71308
71309
71310
71311
71312
71313
71314
71315
71316
71317
71318
71319
71320
71321
71322
71323
71324
71325
71326
71327
71328
71329
71331
71332
71612
71613
71614
71615
71616
71621
71622
71623
71624
71625
71626
71627
71631
71632
71633
71634
71639
71640
71641
71642
71643
71644
71645
71646
71647
71648
71649
71650
71651
71652
71653
71654
71657
71658
71659
71660
71661
71662
71663
71664
71665
71666
71667
71668
71669
71670
71671
71672
71673
71674
71675
71676
71677
71678
71679
71680
71681
71682
71683
71684
71685
71686
71687
71688
71689
71690
71691
71692
71694
71974
71975
71976
71977
71978
71979
71983
71984
71985
71986
71987
71988
71989
71993
71994
71995
71996
72001
72002
72003
72004
72005
72006
72007
72008
72009
72010
72011
72012
72013
72014
72015
72016
72020
72021
72022
72023
72024
72025
72026
72027
72028
72029
72030
72031
72032
72033
72034
72035
72036
72037
72038
72039
72040
72041
72042
72043
72044
72045
72046
72047
72048
72049
72050
72051
72052
72053
72055
72056
72336
72337
72338
72339
72340
72341
72345
72346
72347
72348
72349
72350
72351
72356
72357
72358
72359
72364
72365
72366
72367
72368
72369
72370
72371
72372
72373
72374
72375
72376
72377
72378
72382
72383
72384
72385
72386
72387
72388
72389
72390
72391
72392
72393
72394
72395
72396
72397
72398
72399
72400
72401
72402
72403
72404
72405
72406
72407
72408
72409
72410
72411
72412
72413
72414
72415
72417
72418
72695
72696
72697
72698
72699
72700
72701
72705
72706
72707
72708
72709
72710
72715
72716
72717
72718
72723
72724
72725
72726
72727
72728
72729
72730
72731
72732
72733
72734
72735
72736
72737
72738
72741
72742
72743
72744
72745
72746
72747
72748
72749
72750
72751
72752
72753
72754
72755
72756
72757
72758
72759
72760
72761
72762
72763
72764
72765
72766
72767
72768
72769
72770
72771
72772
72773
72774
72776
73056
73057
73058
73059
73060
73061
73062
73066
73067
73068
73069
73070
73071
73072
73076
73077
73078
73079
73080
73085
73086
73087
73088
73089
73090
73091
73092
73093
73094
73095
73096
73097
73098
73099
73103
73104
73105
73106
73107
73108
73109
73110
73111
73112
73113
73114
73115
73116
73117
73118
73119
73120
73121
73122
73123
73124
73125
73126
73127
73128
73129
73130
73131
73132
73133
73134
73136
73137
73417
73418
73419
73420
73421
73422
73423
73427
73428
73429
73430
73431
73432
73436
73437
73438
73439
73440
73441
73445
73446
73447
73448
73449
73450
73451
73452
73453
73454
73455
73456
73457
73458
73459
73463
73464
73465
73466
73467
73468
73469
73470
73471
73472
73473
73474
73475
73476
73477
73478
73479
73480
73481
73482
73483
73484
73485
73486
73487
73488
73489
73490
73491
73492
73493
73494
73496
73497
73776
73777
73778
73779
73780
73781
73782
73783
73787
73788
73789
73790
73791
73792
73797
73798
73799
73800
73801
73806
73807
73808
73809
73810
73811
73812
73813
73814
73815
73816
73817
73818
73819
73820
73824
73825
73826
73827
73828
73829
73830
73831
73832
73833
73834
73835
73836
73837
73838
73839
73840
73841
73842
73843
73844
73845
73846
73847
73848
73849
73850
73851
73852
73853
73854
73856
74135
74136
74137
74139
74140
74141
74142
74147
74148
74149
74150
74151
74156
74157
74158
74159
74160
74161
74165
74166
74167
74168
74169
74170
74171
74172
74173
74174
74175
74176
74177
74178
74179
74183
74184
74185
74186
74187
74188
74189
74190
74191
74192
74193
74194
74195
74196
74197
74198
74199
74200
74201
74202
74203
74204
74205
74206
74207
74208
74209
74210
74211
74212
74215
74490
74494
74495
74498
74499
74500
74501
74502
74506
74507
74508
74509
74510
74511
74515
74516
74517
74518
74519
74520
74525
74526
74527
74528
74529
74530
74531
74532
74533
74534
74535
74536
74537
74538
74539
74542
74543
74544
74545
74546
74547
74548
74549
74550
74551
74552
74553
74554
74555
74556
74557
74558
74559
74560
74561
74562
74563
74564
74565
74566
74567
74568
74569
74570
74571
74574
74855
74857
74858
74859
74860
74861
74865
74866
74867
74868
74869
74873
74874
74875
74876
74877
74878
74879
74883
74884
74885
74886
74887
74888
74889
74890
74891
74892
74893
74894
74895
74896
74897
74901
74902
74903
74904
74905
74906
74907
74908
74909
74910
74911
74912
74913
74914
74915
74916
74917
74918
74919
74920
74921
74922
74923
74924
74925
74926
74927
74928
74929
74931
75214
75215
75216
75217
75218
75219
75223
75224
75225
75226
75227
75232
75233
75234
75235
75236
75237
75242
75243
75244
75245
75246
75247
75248
75249
75250
75251
75252
75253
75254
75255
75259
75260
75261
75262
75263
75264
75265
75266
75267
75268
75269
75270
75271
75272
75273
75274
75275
75276
75277
75278
75279
75280
75281
75282
75283
75284
75285
75286
75289
75571
75572
75573
75574
75575
75576
75577
75581
75582
75583
75584
75589
75590
75591
75592
75593
75594
75595
75600
75601
75602
75603
75604
75605
75606
75607
75608
75609
75610
75611
75612
75613
75616
75617
75618
75619
75620
75621
75622
75623
75624
75625
75626
75627
75628
75629
75630
75631
75632
75633
75634
75635
75636
75637
75638
75639
75640
75641
75642
75643
75645
75646
75928
75929
75930
75931
75932
75933
75934
75938
75939
75940
75941
75942
75946
75947
75948
75949
75950
75951
75952
75953
75957
75958
75959
75960
75961
75962
75963
75964
75965
75966
75967
75968
75969
75970
75974
75975
75976
75977
75978
75979
75980
75981
75982
75983
75984
75985
75986
75987
75988
75989
75990
75991
75992
75993
75994
75995
75996
75997
75998
75999
76000
76002
76284
76285
76286
76287
76288
76289
76290
76291
76295
76296
76297
76298
76302
76303
76304
76305
76306
76307
76308
76309
76314
76315
76316
76317
76318
76319
76320
76321
76322
76323
76324
76325
76326
76327
76330
76331
76332
76333
76334
76335
76336
76337
76338
76339
76340
76341
76342
76343
76344
76345
76346
76347
76348
76349
76350
76351
76352
76353
76354
76355
76358
76641
76642
76643
76644
76645
76646
76647
76648
76652
76653
76654
76655
76659
76660
76661
76662
76663
76664
76665
76666
76670
76671
76672
76673
76674
76675
76676
76677
76678
76679
76680
76681
76682
76683
76687
76688
76689
76690
76691
76692
76693
76694
76695
76696
76697
76698
76699
76700
76701
76702
76703
76704
76705
76706
76707
76708
76709
76710
76711
76714
76996
76998
76999
77000
77001
77002
77003
77007
77008
77009
77010
77014
77015
77016
77017
77018
77019
77020
77021
77022
77026
77027
77028
77029
77030
77031
77032
77033
77034
77035
77036
77037
77038
77039
77042
77043
77044
77045
77046
77047
77048
77049
77050
77051
77052
77053
77054
77055
77056
77057
77058
77059
77060
77061
77062
77063
77064
77065
77066
77068
77349
77353
77354
77355
77356
77357
77358
77359
77363
77364
77365
77369
77370
77371
77372
77373
77374
77375
77376
77377
77382
77383
77384
77385
77386
77387
77388
77389
77390
77391
77392
77393
77394
77397
77398
77399
77400
77401
77402
77403
77404
77405
77406
77407
77408
77409
77410
77411
77412
77413
77414
77415
77416
77417
77418
77419
77420
77423
77707
77708
77709
77710
77711
77712
77713
77717
77718
77719
77723
77724
77725
77726
77727
77728
77729
77730
77731
77732
77736
77737
77738
77739
77740
77741
77742
77743
77744
77745
77746
77747
77748
77752
77753
77754
77755
77756
77757
77758
77759
77760
77761
77762
77763
77764
77765
77766
77767
77768
77769
77770
77771
77772
77773
77774
77777
78062
78063
78064
78065
78066
78067
78068
78072
78073
78074
78078
78079
78080
78081
78082
78083
78084
78085
78086
78087
78091
78092
78093
78094
78095
78097
78098
78406
78407
78408
78409
78410
78411
78412
78413
78417
78418
78419
78423
78424
78425
78426
78427
78428
78429
78430
78431
78436
78437
78438
78439
78441
78442
78751
78752
78753
78754
78755
78756
78757
78758
78762
78763
78767
78768
78769
78770
78771
78772
78773
78774
78775
78781
78782
78783
78785
78786
79094
79095
79096
79097
79098
79099
79100
79101
79102
79106
79107
79112
79113
79114
79115
79116
79117
79118
79119
79120
79121
79125
79126
79127
79130
79438
79439
79440
79441
79442
79443
79444
79445
79446
79447
79451
79452
79456
79457
79458
79459
79460
79461
79462
79463
79464
79465
79466
79470
79471
79474
79782
79783
79784
79785
79786
79787
79788
79789
79790
79791
79792
79796
79800
79801
79802
79803
79804
79805
79806
79807
79808
79809
79810
79811
79815
79818
80127
80129
80130
80131
80132
80133
80134
80135
80136
80137
80141
80145
80146
80147
80148
80149
80150
80151
80152
80153
80154
80155
80162
80471
80472
80473
80474
80475
80476
80477
80478
80479
80480
80481
80482
80489
80490
80491
80492
80493
80494
80495
80496
80497
80498
80499
80500
80506
80816
80817
80818
80819
80820
80821
80822
80823
80824
80825
80826
80830
80834
80835
80836
80837
80838
80839
80840
80841
80842
80843
80844
80845
80850
81160
81161
81162
81163
81164
81165
81166
81167
81168
81169
81170
81171
81178
81179
81180
81181
81182
81183
81184
81185
81186
81187
81188
81189
81190
81194
81195
81196
81197
81504
81505
81506
81507
81508
81509
81510
81511
81512
81513
81514
81515
81541
81885
82229
82573
83950
84294
210104
210404
210412
210413
210729
210730
210746
210748
210749
211090
211107
211108
211417
211758
211759
212099
212100
212441
212782
212783
213123
213124
213462
213463
213464
213465
213804
214141
214142
214143
214144
214145
214146
214477
214817
214818
215158
217883
217884
220698
221057
221058
221412
221418
221419
222513
222524
222538
222875
222876
222877
222878
222879
222880
222881
222885
222886
222887
222891
222892
222893
222894
222895
222896
222897
222898
222899
222900
222901
222902
222903
222904
222905
222906
222907
222908
222909
222910
222911
222912
222913
222914
222915
222916
222917
222918
222919
222920
222921
222922
222923
222924
222925
222926
222927
222928
222929
222930
223235
223236
223237
223238
223239
223240
223241
223246
223247
223252
223253
223254
223255
223256
223257
223258
223259
223260
223261
223262
223263
223264
223265
223266
223267
223268
223269
223270
223271
223272
223273
223274
223275
223276
223277
223278
223279
223280
223281
223282
223283
223284
223285
223286
223287
223288
223289
223290
223291
225383
226077
226078
226079
226416
226417
226418
226761
226762
226763
226764
227122
227819
227820
227821
227822
227823
228179
228180
228181
228182
228183
228543
228544
228545
228546
228547
228907
228908
228910
228911
228954
229681
230800
230801
230802
230803
231088
231162
231163
231164
231165
231166
231525
231526
231527
231528
231864
231870
231871
231872
231873
231874
231875
231876
231877
231878
231879
231880
231881
231882
231883
231884
231885
231886
231887
231888
231889
231890
231891
235835
236195
236555
237634
237994
238353
238354
238713
238714
239072
239073
239432
239433
239793
240153
240154
240514
240515
240874
240875
240876
241235
241236
241596
241597
241910
241959
241960
241961
241962
242275
242276
242278
242324
242325
242326
242641
242642
242643
242644
242690
242691
242692
243009
243010
243011
243012
243020
243024
243026
243058
243059
243060
243378
243380
243381
243382
243383
243384
243389
243390
243391
243392
243427
243428
243429
243747
243748
243749
243750
243751
243753
243754
243758
243759
243760
243761
243764
243765
243766
243782
243797
243798
243799
244117
244118
244119
244120
244121
244122
244123
244124
244128
244129
244130
244131
244132
244134
244135
244136
244141
244142
244167
244168
244487
244488
244489
244490
244491
244492
244493
244498
244499
244500
244501
244502
244503
244504
244505
244506
244511
244517
244536
244537
244538
244539
244857
244858
244859
244860
244861
244862
244863
244868
244869
244870
244871
244872
244873
244874
244875
244876
244881
244882
244885
244887
244906
244907
244908
245227
245228
245229
245230
245231
245232
245233
245238
245239
245240
245241
245242
245243
245244
245245
245246
245251
245253
245255
245257
245276
245277
245278
245279
245597
245598
245599
245600
245603
245608
245609
245610
245611
245612
245613
245614
245615
245616
245620
245621
245622
245625
245626
245627
245633
245646
245647
245648
245967
245968
245969
245970
245978
245979
245980
245981
245982
245983
245984
245985
245990
245991
245992
245993
245994
245995
245996
245997
246002
246004
246006
246016
246017
246018
246337
246338
246339
246340
246348
246349
246350
246351
246352
246353
246354
246355
246360
246361
246362
246363
246364
246365
246366
246372
246374
246379
246380
246386
246387
246388
246707
246708
246709
246710
246718
246719
246720
246721
246722
246723
246724
246725
246730
246731
246732
246733
246734
246735
246736
246741
246742
246744
246750
246756
246757
246758
247076
247077
247078
247079
247080
247081
247082
247087
247088
247089
247090
247091
247092
247093
247094
247095
247100
247101
247102
247103
247104
247105
247106
247111
247112
247113
247114
247115
247117
247118
247119
247120
247122
247124
247125
247126
247127
247128
247446
247447
247448
247449
247450
247451
247452
247457
247458
247459
247460
247461
247462
247463
247464
247465
247470
247471
247472
247473
247474
247475
247476
247481
247482
247483
247484
247488
247489
247490
247491
247492
247495
247496
247497
247498
247816
247817
247818
247819
247820
247822
247827
247828
247829
247830
247831
247832
247833
247834
247839
247840
247841
247842
247843
247844
247845
247846
247847
247851
247852
247853
247859
247860
247861
247862
247863
247864
247865
247866
247867
247868
248186
248187
248188
248189
248190
248191
248197
248198
248199
248200
248201
248202
248203
248204
248209
248210
248211
248212
248213
248214
248215
248216
248217
248221
248222
248223
248224
248225
248226
248227
248228
248229
248230
248231
248232
248233
248234
248235
248236
248237
248238
248556
248557
248558
248559
248560
248561
248567
248568
248569
248570
248571
248572
248573
248574
248579
248580
248581
248582
248583
248584
248585
248586
248587
248591
248592
248593
248594
248595
248596
248597
248598
248599
248600
248601
248602
248603
248604
248605
248606
248607
248926
248927
248928
248929
248930
248931
248937
248938
248939
248940
248941
248942
248943
248944
248949
248950
248951
248952
248953
248954
248955
248956
248957
248961
248962
248963
248964
248965
248966
248967
248968
248969
248970
248971
248972
248973
248974
248975
248976
248977
249296
249297
249298
249299
249300
249301
249307
249308
249309
249310
249311
249312
249313
249314
249319
249320
249321
249322
249323
249324
249325
249326
249327
249331
249332
249333
249334
249335
249336
249337
249338
249339
249340
249341
249342
249343
249344
249345
249346
249347
249667
249668
249669
249670
249677
249678
249679
249680
249681
249682
249683
249684
249688
249689
249690
249691
249692
249693
249694
249695
249696
249697
249701
249702
249703
249704
249705
249706
249707
249708
249709
249710
249711
249712
249713
249714
249715
249716
249717
251897
251898
251899
251900
251901
251902
251903
251908
251909
251910
251911
251912
251913
251914
251915
251916
251917
251921
251922
251923
251924
251925
251926
251927
251928
251929
251930
251931
251932
251933
251934
251935
251936
251937
251938
252255
252256
252257
252258
252259
252260
252267
252268
252269
252270
252271
252272
252273
252278
252279
252280
252281
252282
252283
252284
252285
252286
252287
252291
252292
252293
252294
252295
252296
252297
252298
252299
252300
252301
252302
252303
252304
252306
252307
252626
252627
252628
252629
252630
252637
252638
252639
252640
252641
252642
252643
252648
252649
252650
252651
252652
252653
252654
252655
252656
252657
252661
252662
252663
252664
252665
252666
252667
252668
252669
252670
252671
252672
252673
252674
252675
252676
252677
252678
252996
252997
252998
252999
253000
253008
253009
253010
253011
253012
253013
253018
253019
253020
253021
253022
253023
253024
253025
253026
253027
253031
253032
253033
253034
253035
253036
253037
253038
253039
253040
253041
253042
253043
253044
253046
253047
253366
253367
253368
253369
253370
253378
253379
253380
253381
253382
253383
253388
253389
253390
253391
253392
253393
253394
253395
253396
253397
253401
253402
253403
253404
253405
253406
253407
253408
253409
253410
253411
253412
253413
253414
253415
253416
253417
253418
253736
253737
253738
253739
253740
253748
253749
253750
253751
253752
253753
253758
253759
253760
253761
253762
253763
253764
253765
253766
253767
253771
253772
253773
253774
253775
253776
253777
253778
253779
253780
253781
253782
253783
253784
253786
253787
254106
254107
254108
254109
254110
254118
254119
254120
254121
254122
254123
254128
254129
254130
254131
254132
254133
254134
254135
254136
254137
254141
254142
254143
254144
254145
254146
254147
254148
254149
254150
254151
254152
254153
254154
254155
254156
254157
254158
254476
254477
254478
254479
254480
254488
254489
254490
254491
254492
254493
254498
254499
254500
254501
254502
254503
254504
254505
254506
254507
254511
254512
254513
254514
254515
254516
254517
254518
254519
254520
254521
254522
254523
254524
254526
254527
254846
254847
254848
254849
254858
254859
254860
254861
254862
254863
254868
254869
254870
254871
254872
254873
254874
254875
254876
254877
254881
254882
254883
254884
254885
254886
254887
254888
254889
254890
254891
254892
254893
254894
254895
254896
254897
254898
