Sample Indices
Indices Size:
2969
Data:
1671349
1672059
1672770
1672771
1673487
1673488
1674201
1674202
1674916
1674917
1675624
1675625
1679198
1679199
1679200
1679912
1679913
1679914
1680629
1680630
1680631
1681342
1681343
1681344
1682056
1682768
1685617
1685618
1685619
1686327
1686328
1686329
1687043
1687044
1687045
1687046
1687754
1687755
1687756
1688472
1688473
1692755
1692756
1692757
1693468
1693469
1693470
1694183
1694184
1694185
1694895
1694896
1694899
1694904
1695607
1695608
1695611
1696323
1699170
1699171
1699880
1699881
1699882
1699883
1699884
1699885
1700597
1700598
1700599
1700600
1700601
1701310
1701311
1701314
1701315
1702027
1702028
1702029
1702030
1702031
1702745
1702749
1703455
1705573
1705574
1706288
1706289
1706290
1706291
1706292
1707001
1707003
1707004
1707005
1707006
1707007
1707705
1707706
1707707
1707708
1707709
1707710
1708405
1708407
1708408
1708409
1708410
1708411
1709127
1711266
1711973
1711974
1712689
1712692
1713390
1713391
1713394
1713397
1714110
1714820
1714823
1715537
1718389
1718390
1718391
1718392
1719101
1719102
1719103
1719104
1719815
1719816
1719817
1719818
1720525
1720526
1720527
1720528
1721236
1721958
1722669
1723379
1724093
1724804
1724805
1724806
1725512
1725513
1725514
1726223
1726224
1726225
1729077
1729078
1729787
1729788
1730501
1730502
1731210
1731211
1731212
1731213
1731930
1731931
1732649
1732650
1734083
1734783
1735499
1735500
1735511
1735512
1736214
1736215
1736216
1736217
1736226
1736227
1736930
1736931
1736932
1736933
1736934
1736942
1736943
1736944
1737644
1737645
1737646
1737647
1737648
1737649
1737650
1737651
1737652
1737654
1737655
1737656
1737657
1737658
1738357
1738358
1738359
1738360
1738361
1738362
1738363
1738364
1738365
1738366
1738367
1738368
1738369
1739073
1739074
1739075
1739076
1739077
1739078
1739079
1739080
1739081
1739082
1739083
1739084
1739786
1739787
1739788
1739789
1739790
1739791
1739792
1739793
1739794
1739795
1739796
1740502
1740503
1740504
1740505
1740506
1740507
1740508
1740509
1740510
1741218
1741219
1741220
1741221
1741222
1741223
1741933
1741934
1741935
1741936
1741937
1741938
1741939
1741940
1742653
1742654
1742655
1742656
1742657
1742658
1743361
1743362
1743363
1743364
1743365
1743366
1743367
1744068
1744069
1744070
1744071
1744072
1744774
1745482
1746913
1747627
1748340
1748341
1748342
1748343
1749054
1749055
1749056
1749057
1749058
1749760
1749761
1749763
1749764
1749765
1749766
1749767
1750469
1750470
1750471
1750484
1750485
1751183
1751184
1751185
1751186
1751187
1751899
1751900
1751901
1751902
1751903
1751904
1751905
1752614
1752615
1752616
1752617
1752618
1752619
1752620
1752621
1753328
1753329
1753330
1753331
1753332
1753333
1753334
1753335
1753336
1753337
1753338
1754038
1754039
1754040
1754041
1754042
1754043
1754044
1754045
1754046
1754047
1754052
1754053
1754751
1754752
1754753
1754754
1754755
1754756
1754757
1754758
1754759
1754760
1754761
1754762
1754763
1754764
1754765
1754766
1754767
1754768
1755466
1755467
1755468
1755469
1755470
1755471
1755472
1755473
1755474
1755475
1755476
1755477
1755478
1755479
1755480
1755481
1756182
1756183
1756184
1756185
1756186
1756187
1756188
1756189
1756190
1756191
1756192
1756193
1756194
1756195
1756897
1756898
1756899
1756900
1756901
1756902
1756903
1756904
1757612
1757613
1757614
1757615
1757616
1757617
1758331
1758332
1758333
1759757
1760465
1760473
1760474
1760475
1761174
1761179
1761184
1761185
1761187
1761188
1761189
1761190
1761191
1761886
1761887
1761891
1761899
1761900
1761901
1761902
1761903
1762599
1762604
1762612
1762613
1762614
1762615
1762616
1763309
1764026
1764736
1764740
1765444
1765448
1766154
1766158
1766164
1766864
1766868
1766874
1766876
1766877
1766878
1766879
1766880
1767577
1767585
1767586
1767587
1767588
1767589
1768287
1768293
1768295
1768296
1768297
1768298
1768299
1768996
1768999
1769007
1769008
1769009
1769711
1769714
1770425
1770428
1770437
1770438
1771136
1771139
1771147
1771148
1771149
1771850
1771853
1772575
1772576
1772577
1772578
1773277
1773289
1773290
1773291
1773292
1773293
1773992
1773994
1774004
1774005
1774006
1774007
1774008
1774704
1774705
1774706
1774718
1774719
1776853
1777557
1777570
1777571
1778269
1778280
1778281
1778282
1778283
1778284
1778978
1778989
1778990
1778991
1778992
1778993
1779696
1779698
1779706
1779707
1779708
1779709
1779710
1779711
1779712
1780409
1780411
1780412
1780413
1780414
1780416
1780417
1780418
1780419
1780420
1781117
1781118
1781120
1781121
1781122
1781123
1781124
1781125
1781126
1781127
1781128
1781835
1781836
1781838
1781839
1781840
1781841
1781842
1781843
1781844
1781845
1781846
1782553
1782554
1782555
1782556
1782557
1782558
1782559
1782560
1782561
1783265
1783266
1783267
1783268
1783269
1783270
1783271
1783272
1783273
1783274
1783275
1783278
1783978
1783981
1783982
1783984
1783985
1783986
1783987
1783988
1783989
1783990
1783991
1783992
1783993
1784691
1784694
1784695
1784696
1784697
1784698
1784699
1784700
1784701
1784702
1784703
1784704
1784705
1784706
1785407
1785408
1785410
1785411
1785412
1785413
1785414
1785415
1785416
1785417
1786120
1786121
1786122
1786123
1786124
1786125
1786126
1786127
1786128
1786129
1786130
1786131
1786132
1786833
1786834
1786835
1786836
1786837
1786838
1786839
1786840
1786841
1786842
1786843
1786844
1786845
1786846
1787548
1787549
1787550
1787551
1787552
1787553
1787554
1787555
1787556
1787557
1787558
1787559
1787560
1787561
1788259
1788260
1788262
1788263
1788264
1788265
1788266
1788267
1788268
1788269
1788270
1788271
1788272
1788273
1788971
1788972
1788973
1788974
1788975
1788976
1788977
1788978
1788979
1788980
1788981
1788982
1788983
1788984
1788985
1789682
1789683
1789684
1789685
1789686
1789687
1789688
1789689
1789690
1789692
1789693
1789694
1789695
1789696
1790400
1790401
1790402
1790403
1790404
1790405
1790406
1790407
1790408
1790409
1790411
1790412
1790413
1790414
1791115
1791116
1791117
1791118
1791119
1791120
1791121
1791122
1791123
1791124
1791126
1791127
1791128
1791129
1791821
1791822
1791823
1791824
1791825
1791826
1791827
1791828
1791829
1791830
1791832
1791835
1792537
1792538
1792539
1792540
1792541
1792542
1792543
1792544
1792545
1792546
1792548
1792549
1792550
1792551
1793248
1793249
1793250
1793251
1793252
1793253
1793254
1793255
1793256
1793257
1793259
1793953
1793954
1793955
1793956
1793957
1793958
1793959
1793960
1793961
1793962
1793964
1793965
1793966
1793967
1793968
1794669
1794670
1794671
1794672
1794673
1794674
1794675
1794676
1794677
1794678
1794680
1794681
1794682
1794683
1794684
1795388
1795389
1795390
1795391
1795392
1795393
1795394
1795395
1795396
1795397
1795399
1795400
1795401
1795402
1795403
1796104
1796105
1796106
1796107
1796108
1796109
1796110
1796111
1796112
1796113
1796115
1796116
1796117
1796118
1796816
1796817
1796818
1796819
1796820
1796821
1796822
1796823
1796824
1796826
1796827
1796828
1796829
1797526
1797527
1797528
1797529
1797530
1797531
1797532
1797533
1797534
1797536
1797537
1797538
1797539
1798239
1798240
1798241
1798242
1798243
1798244
1798245
1798246
1798247
1798249
1798250
1798251
1798252
1798253
1798957
1798958
1798959
1798960
1798961
1798962
1798963
1798964
1798965
1798968
1798969
1798970
1798971
1799670
1799671
1799672
1799673
1799674
1799675
1799676
1799677
1799678
1799681
1799682
1799683
1799684
1800386
1800387
1800388
1800389
1800390
1800391
1800392
1800393
1800396
1800397
1800398
1800399
1801103
1801104
1801105
1801106
1801107
1801108
1801109
1801110
1801113
1801114
1801115
1801116
1801813
1801814
1801815
1801816
1801817
1801818
1801819
1801820
1801823
1802522
1802523
1802524
1803240
1803241
1803242
1803243
1803953
1803954
1803955
1803956
1804671
1804672
1804673
1804674
1805388
1805389
1805390
1805391
1806103
1806104
1806105
1806106
1806107
1806820
1806821
1806822
1806823
1806824
1807536
1807537
1807538
1807539
1807540
1808255
1808256
1808257
1808258
1808259
1808970
1808971
1808972
1808973
1808974
1809685
1809686
1809687
1809688
1810402
1810403
1810404
1810405
1811110
1811111
1811112
1811113
1811820
1811821
1811822
1811823
1811824
1812537
1812538
1812539
1812540
1812541
1813247
1813248
1813249
1813250
1813251
1813963
1813964
1813965
1813966
1813967
1814677
1814678
1814679
1814680
1814681
1815396
1815397
1815398
1815399
1815400
1816109
1816110
1816111
1816112
1816113
1816816
1816817
1816818
1816819
1816820
1816827
1817528
1817529
1817530
1817531
1817532
1818243
1818244
1818245
1818246
1818247
1818956
1818957
1818958
1818959
1819669
1819670
1819671
1819672
1820384
1820385
1820386
1820387
2035922
2035923
2036642
2036643
2036644
2036646
2037361
2037362
2037363
2037364
2037365
2037367
2038082
2038083
2038084
2038085
2038086
2038087
2038088
2038801
2038802
2038803
2038804
2038805
2038806
2038807
2038808
2039522
2039523
2039524
2039525
2039526
2039527
2039528
2039529
2040243
2040244
2040245
2040246
2040247
2040248
2040249
2040250
2040964
2040965
2040966
2040967
2040968
2040969
2040970
2040971
2041685
2041686
2041687
2041688
2041689
2041690
2041691
2041692
2042406
2042407
2042408
2042409
2042410
2042411
2042412
2042413
2043127
2043128
2043129
2043130
2043131
2043132
2043133
2043134
2043848
2043849
2043850
2043851
2043852
2043853
2043854
2043855
2044569
2044570
2044571
2044572
2044573
2044574
2044575
2044576
2045291
2045292
2045293
2045294
2045295
2045296
2045297
2046012
2046013
2046014
2046015
2046016
2046017
2046018
2046735
2046736
2046737
2046738
2046739
2047458
2047459
2047460
2048181
2048902
2066206
2066207
2066927
2066928
2067648
2067649
2068369
2068370
2069090
2069091
2069811
2069812
2070532
2070533
2071253
2071254
2071974
2071975
2072695
2072696
2073416
2073417
2074137
2074138
2074858
2074859
2075579
2075580
2076300
2076301
2077021
2077022
2077023
2077742
2077743
2077744
2078463
2078464
2078465
2079184
2079185
2079186
2079905
2079906
2079907
2080626
2080627
2080628
2081347
2081348
2081349
2082068
2082069
2082070
2082789
2082790
2082791
2083510
2083511
2083512
2084231
2084232
2084233
2084952
2084953
2084954
2085670
2085671
2085672
2086391
2086392
2086393
2087112
2087113
2087114
2087833
2087834
2087835
2088554
2088555
2088556
2089275
2089276
2089277
2089996
2089997
2089998
2090717
2090718
2090719
2091438
2091439
2091440
2092159
2092160
2092161
2092880
2092881
2092882
2093601
2093602
2093603
2094322
2094323
2094324
2094325
2095043
2095044
2095045
2095046
2095764
2095765
2095766
2095767
2096485
2096486
2096487
2096488
2097206
2097207
2097208
2097209
2097927
2097928
2097929
2097930
2098648
2098649
2098650
2098651
2099369
2099370
2099371
2099372
2100090
2100091
2100092
2100093
2100811
2100812
2100813
2100814
2101532
2101533
2101534
2101535
2102252
2102253
2102254
2102255
2102973
2102974
2102975
2102976
2103694
2103695
2103696
2103697
2104415
2104416
2104417
2104418
2105135
2105136
2105137
2105138
2105856
2105857
2105858
2105859
2106577
2106578
2106579
2106580
2107298
2107299
2107300
2107301
2108019
2108020
2108021
2108022
2108740
2108741
2108742
2108743
2109461
2109462
2109463
2109464
2110182
2110183
2110184
2110185
2110903
2110904
2110905
2110906
2110907
2111624
2111625
2111626
2111627
2111628
2112345
2112346
2112347
2112348
2112349
2113066
2113067
2113068
2113069
2113070
2113787
2113788
2113789
2113790
2113791
2114508
2114509
2114510
2114511
2114512
2115229
2115230
2115231
2115232
2115233
2115950
2115951
2115952
2115953
2115954
2116671
2116672
2116673
2116674
2116675
2117392
2117393
2117394
2117395
2117396
2118113
2118114
2118115
2118116
2118117
2118834
2118835
2118836
2118837
2118838
2119555
2119556
2119557
2119558
2119559
2120276
2120277
2120278
2120279
2120280
2120997
2120998
2120999
2121000
2121001
2121718
2121719
2121720
2121721
2121722
2122439
2122440
2122441
2122442
2122443
2123160
2123161
2123162
2123163
2123164
2123881
2123882
2123883
2123884
2123885
2124602
2124603
2124604
2124605
2124606
2125323
2125324
2125325
2125326
2125327
2126044
2126045
2126046
2126047
2126048
2126765
2126766
2126767
2126768
2126769
2127486
2127487
2127488
2127489
2127490
2128207
2128208
2128209
2128210
2128211
2128928
2128929
2128930
2128931
2128932
2129649
2129650
2129651
2129652
2129653
2130370
2130371
2130372
2130373
2130374
2130375
2131091
2131092
2131093
2131094
2131095
2131096
2131812
2131813
2131814
2131815
2131816
2131817
2132533
2132534
2132535
2132536
2132537
2132538
2133254
2133255
2133256
2133257
2133258
2133259
2133975
2133976
2133977
2133978
2133979
2133980
2134696
2134697
2134698
2134699
2134700
2134701
2135417
2135418
2135419
2135420
2135421
2135422
2136138
2136139
2136140
2136141
2136142
2136143
2136859
2136860
2136861
2136862
2136863
2136864
2137580
2137581
2137582
2137583
2137584
2137585
2138301
2138302
2138303
2138304
2138305
2138306
2139022
2139023
2139024
2139025
2139026
2139027
2139743
2139744
2139745
2139746
2139747
2139748
2140464
2140465
2140466
2140467
2140468
2140469
2141185
2141186
2141187
2141188
2141189
2141190
2141905
2141906
2141907
2141908
2141909
2141910
2142626
2142627
2142628
2142629
2142630
2142631
2143345
2143346
2143347
2143348
2143349
2143350
2144062
2144063
2144064
2144065
2144066
2144067
2144781
2144782
2144783
2144784
2144785
2144786
2145499
2145500
2145501
2145502
2145503
2145504
2146215
2146216
2146217
2146218
2146219
2146220
2146930
2146931
2146932
2146933
2146934
2146935
2147646
2147647
2147648
2147649
2147650
2147651
2148366
2148367
2148368
2148369
2148370
2148371
2149084
2149085
2149086
2149087
2149088
2149089
2149799
2149800
2149801
2149802
2149803
2149804
2150520
2150521
2150522
2150523
2150524
2150525
2151236
2151237
2151238
2151239
2151240
2151241
2151953
2151954
2151955
2151956
2151957
2151958
2152672
2152673
2152674
2152675
2152676
2152677
2153391
2153392
2153393
2153394
2153395
2153396
2154110
2154111
2154112
2154113
2154114
2154115
2154829
2154830
2154831
2154832
2154833
2154834
2155545
2155546
2155547
2155548
2155549
2155550
2156263
2156264
2156265
2156266
2156267
2156268
2156982
2156983
2156984
2156985
2156986
2156987
2157698
2157699
2157700
2157701
2157702
2157703
2158415
2158416
2158417
2158418
2158419
2158420
2159132
2159133
2159134
2159135
2159136
2159137
2159850
2159851
2159852
2159853
2159854
2159855
2160570
2160571
2160572
2160573
2160574
2160575
2161289
2161290
2161291
2161292
2161293
2161294
2162008
2162009
2162010
2162011
2162012
2162013
2162722
2162723
2162724
2162725
2162726
2162727
2163437
2163438
2163439
2163440
2163441
2163442
2164153
2164154
2164155
2164156
2164157
2164158
2164873
2164874
2164875
2164876
2164877
2164878
2165589
2165590
2165591
2165592
2165593
2165594
2166308
2166309
2166310
2166311
2166312
2166313
2167024
2167025
2167026
2167027
2167028
2167029
2167740
2167741
2167742
2167743
2167744
2167745
2168455
2168456
2168457
2168458
2168459
2168460
2169171
2169172
2169173
2169174
2169175
2169176
2169888
2169889
2169890
2169891
2169892
2169893
2170605
2170606
2170607
2170608
2170609
2170610
2171322
2171323
2171324
2171325
2171326
2171327
2172037
2172038
2172039
2172040
2172041
2172042
2172753
2172754
2172755
2172756
2172757
2172758
2173470
2173471
2173472
2173473
2173474
2173475
2174185
2174186
2174187
2174188
2174189
2174190
2174904
2174905
2174906
2174907
2174908
2174909
2175624
2175625
2175626
2175627
2175628
2175629
2176340
2176341
2176342
2176343
2176344
2176345
2177057
2177058
2177059
2177060
2177061
2177062
2177778
2177779
2177780
2177781
2177782
2177783
2178497
2178498
2178499
2178500
2178501
2178502
2179210
2179211
2179212
2179213
2179214
2179215
2179928
2179929
2179930
2179931
2179932
2179933
2200735
2206467
2206468
2206469
2206470
2207184
2207185
2207186
2207187
2207188
2207189
2207902
2207903
2207904
2207905
2207906
2207907
2208622
2208623
2208624
2208625
2208626
2208627
2209338
2209340
2209341
2209342
2209343
2214357
2214358
2214359
2215075
2215076
2215077
2215078
2215079
2215080
2215790
2215791
2215792
2215793
2215794
2215795
2216508
2216509
2216510
2216511
2221525
2221526
2221527
2222244
2222245
2222246
2222247
2222248
2222249
2222964
2222965
2222966
2222967
2222968
2222969
2223679
2223680
2223681
2223682
2223683
2223684
2229423
2229424
2229425
2229426
2230140
2230141
2230142
2230143
2230144
2230145
2230858
2230859
2230860
2230861
2230862
2231576
2231577
2231578
2235147
2235863
2236583
2236588
2236589
2236590
2237303
2237308
2237309
2237310
2237311
2237312
2238022
2238028
2238029
2238030
2238031
2238740
2239457
2240176
2240894
2241615
2242333
2243051
2243056
2243057
2243769
2243774
2243775
2243776
2243777
2243778
2244488
2244494
2244495
2244496
2244497
2245207
2245923
2246641
2247358
2248072
2248789
2249503
2249508
2249509
2250221
2250226
2250227
2250228
2250229
2250230
2250937
2250942
2250943
2250944
2250945
2250946
2251656
2252376
2253092
2253808
2254528
2255247
2255964
2255965
2255969
2255970
2255971
2256681
2256682
2256686
2256687
2256688
2256689
2256690
2257397
2258111
2258112
2258826
2258827
2259543
2259544
2260261
2260262
2260263
2260977
2260978
2260979
2261696
2261697
2261698
2261702
2261703
2262413
2262414
2262415
2262419
2262420
2262421
2263128
2263129
2263130
2263138
2263839
2263840
2263841
2264556
2264557
2264558
2265272
2265273
2265274
2265992
2265993
2265994
2266707
2266708
2266709
2267426
2267427
2267428
2267432
2268143
2268144
2268145
2268149
2268150
2268861
2268862
2268863
2269577
2269578
2269579
2270292
2270293
2270294
2271008
2271009
2271010
2271011
2271725
2271726
2271727
2272442
2272443
2272444
2273161
2273162
2273163
2273164
2273167
2273168
2273875
2273876
2273877
2273878
2274593
2274594
2274595
2274596
2275312
2275313
2275314
2275315
2276028
2276029
2276030
2276031
2276742
2276743
2276744
2276745
2277460
2277461
2277462
2277463
2278178
2278179
2278180
2278181
2278899
2278900
2278901
2278904
2278905
2279612
2279613
2279614
2279615
2280329
2280330
2280331
2280332
2281043
2281044
2281045
2281046
2281760
2281761
2281762
2281763
2282478
2282479
2282480
2282481
2283198
2283199
2283200
2283201
2283914
2283915
2283916
2283917
2284629
2284630
2284631
2284632
2285343
2285344
2285345
2286060
2286061
2286062
2286063
2286777
2286778
2286779
2286780
2287496
2287497
2287498
2287499
2287500
2288206
2288207
2288208
2288209
2288210
2288923
2288924
2288925
2289641
2289642
2289643
2290359
2290360
2290361
2290362
2291070
2291071
2291072
2291073
2291074
2291786
2291787
2291788
2291789
2291790
2292503
2292504
2292505
2292506
2292507
2293218
2293219
2293220
2293221
2293222
2293935
2293936
2293937
2293938
2294650
2294651
2294652
2295363
2295364
2295365
2295366
2295367
2296078
2296079
2296080
2296081
2296082
2296797
2296798
2296799
2296800
2296801
2297513
2297514
2297515
2297516
2297517
2298227
2298228
2298229
2298230
2298231
2298943
2298944
2299655
2299656
2299657
2300372
2300373
2300374
2301087
2301088
2301801
2301802
2301803
2301804
2301805
2302520
2302521
2302522
2302523
2302524
2302525
2303238
2303239
2303241
2303242
2303243
2303954
2303955
2303956
2303957
2303958
2304673
2304674
2304675
2304676
2305381
2305382
2305383
2305384
2305385
2306092
2306093
2306094
2306095
2306096
2306805
2306806
2306807
2306808
2306809
2307519
2307520
2307521
2307522
2307523
2307524
2308227
2308228
2308229
2308230
2308231
2308232
2308944
2308945
2308946
2309662
2326083
2326800
2326801
2326802
2327511
2327512
2327513
2327514
2327515
2327516
2328225
2328226
2328227
2328228
2328229
2328230
2328231
2328936
2328937
2328938
2328939
2329649
2329650
2329651
2330362
2330363
2331076
2331077
2331791
2331792
2332503
2332504
2333219
2333934
2338936
2339650
2339651
2339655
2339656
2339657
2340365
2340366
2340370
2340371
2340372
2343219
2343933
2344639
2344640
2345346
2345347
2345349
2346056
2346057
2346058
2346059
2346765
2346766
2346767
2346768
2347477
2347478
2347479
2347480
2348190
2348904
2348905
2349621
2349622
2350335
2351053
2351767
2352477
2352478
2353190
2353191
2353909
2353910
2354622
2354623
2355336
2355337
2356051
2356052
2356763
2356764
2356766
2356767
2357478
2357482
2358190
2358899
2359612
2360323
2360324
2361040
2361041
2361042
2361751
2361752
2361753
2362461
2362462
2362463
2362464
2362465
2363179
2363180
2363181
2363184
2363185
2363888
2363889
2363890
2364607
2367459
2367460
2367461
2367462
2368167
2368168
2368169
2368170
2368882
2368883
2368884
2368885
2368886
2368887
2368888
2368889
2369594
2369595
2369596
2369597
2369601
2370304
2370305
2370306
2370307
2371018
2371019
2371020
2371734
2374579
2374580
2374581
2374582
2375291
2375292
2375293
2375294
2376003
2376004
2376005
2376006
2376720
2376721
2376722
2376723
2377439
2377440
2377441
2377442
2378153
2378154
2378155
2378156
2378870
2378871
2381003
2381004
2381005
2381717
2381718
2381719
2381720
2381721
2381722
2381723
2381724
2382433
2382434
2382435
2382436
2382438
2382439
2382440
2383146
2383147
2383148
2383149
2383150
2383153
2383154
2383855
2383856
2383857
2383858
2383859
2384567
2384568
2384569
2384570
2384571
2385280
2385281
2385282
2385283
2385284
2386003
2386004
2386005
2388145
2388146
2388851
2388852
2388853
2388854
2388855
2388856
2388857
2388858
2388859
2389564
2389565
2389566
2389567
2389568
2389571
2389572
2390278
2390279
2390280
2390281
2390282
2390286
2390995
2390996
2390997
2390998
2390999
2391712
2391713
2391714
2391715
2391716
2392427
2392428
2392429
2392430
2392431
2393129
2393130
2393131
2393132
2393133
2393841
2393844
2393845
2394556
2395263
2395268
2395269
2395270
2395972
2395973
2395974
2395978
2395979
2395980
2395981
2396687
2396688
2396689
2396690
2396691
2396692
2396694
2396695
2396696
2397402
2397403
2397404
2397405
2397406
2397407
2397411
2398112
2398113
2398114
2398115
2398116
2398117
2398827
2398828
2398829
2398830
2398831
2398832
2399538
2399539
2399540
2399541
2399542
2399543
2400255
2400256
2400257
2400258
2400259
2400260
2400974
2400975
2400976
2400977
2401682
2401684
2401685
2402398
2402399
2403112
2403113
2403119
2403821
2403822
2403823
2403824
2404531
2404532
2404533
2404534
2404535
2404536
2404537
2405245
2405246
2405247
2405248
2405249
2405250
2405251
2405963
2405964
2405965
2405966
2405967
2405968
2405969
2406676
2406677
2406678
2406679
2406680
2406681
2406682
2407391
2407392
2407393
2407394
2407395
2407396
2407397
2408098
2408099
2408100
2408101
2408102
2408103
2408104
2408812
2408813
2408814
2408815
2408816
2408817
2409527
2409528
2409529
2409530
2410233
2410234
2410235
2410236
2410237
2410942
2410943
2410944
2410946
2410947
2410948
2410949
2411658
2411659
2411660
2411662
2411663
2411664
2411665
2412370
2412371
2412372
2412376
2412377
2413077
2413078
2413079
2413080
2413081
2413793
2413794
2413795
2413796
2413797
2413798
2414505
2414506
2414507
2414508
2414509
2414510
2415219
2415220
2415221
2415222
2415223
2415224
2415933
2415934
2415935
2415936
2415937
2415938
2416639
2416640
2416641
2416642
2416643
2416644
2417354
2417355
2417356
2417357
2417358
2417359
2417360
2417361
2418071
2418072
2418073
2418074
2418075
2418076
2418077
2418774
2418775
2418776
2418777
2418778
2418779
2418780
2419480
2419481
2419482
2419483
2419485
2419486
2420190
2420191
2420192
2420193
2420903
2420904
2420905
2420906
2420907
2421614
2421615
2421616
2421617
2422322
2422323
2422324
2422325
2423028
2423029
2423030
2423031
2423741
2423742
2423743
2423744
2424451
2424452
2424453
2424454
2424455
2424456
2424457
2425159
2425160
2425161
2425162
2425873
2425874
2425875
2426580
2426581
2426582
2427299
2427300
2427301
2428009
2428010
2428011
2428719
2428720
2428721
2428722
2429435
2429436
2429437
2429438
2430146
2430147
2430148
2430149
2430860
2430861
2430862
2431577
2431578
2431579
2432296
2432297
2432298
2433005
2433006
2433007
2433720
2433721
2433722
2434426
2434427
2434428
2435131
2435132
2435133
2435839
2435840
2436542
2436543
2437240
2437241
2437935
2437936
2438630
2439323
2440016
2440707
2441397
2441398
2441399
2442083
2442084
2442085
2442776
2442777
2442778
2443476
2444171
2444878
2445587
2446296
2447012
2449135
2449136
2449137
2449844
2449845
2449846
2450558
2450559
2456951
2456952
2457661
2457662
2457663
2457664
2458375
2458376
2458377
2464751
2465459
2465460
2465461
2466169
2466171
2466887
2473303
2474021
2474737
Coefficient of the plane:
-0.00197216 0.0862162 0.996275 -1.36665
Inliers Indices
Indices Size:
2969
Data:
1671349
1672059
1672770
1672771
1673487
1673488
1674201
1674202
1674916
1674917
1675624
1675625
1679198
1679199
1679200
1679912
1679913
1679914
1680629
1680630
1680631
1681342
1681343
1681344
1682056
1682768
1685617
1685618
1685619
1686327
1686328
1686329
1687043
1687044
1687045
1687046
1687754
1687755
1687756
1688472
1688473
1692755
1692756
1692757
1693468
1693469
1693470
1694183
1694184
1694185
1694895
1694896
1694899
1694904
1695607
1695608
1695611
1696323
1699170
1699171
1699880
1699881
1699882
1699883
1699884
1699885
1700597
1700598
1700599
1700600
1700601
1701310
1701311
1701314
1701315
1702027
1702028
1702029
1702030
1702031
1702745
1702749
1703455
1705573
1705574
1706288
1706289
1706290
1706291
1706292
1707001
1707003
1707004
1707005
1707006
1707007
1707705
1707706
1707707
1707708
1707709
1707710
1708405
1708407
1708408
1708409
1708410
1708411
1709127
1711266
1711973
1711974
1712689
1712692
1713390
1713391
1713394
1713397
1714110
1714820
1714823
1715537
1718389
1718390
1718391
1718392
1719101
1719102
1719103
1719104
1719815
1719816
1719817
1719818
1720525
1720526
1720527
1720528
1721236
1721958
1722669
1723379
1724093
1724804
1724805
1724806
1725512
1725513
1725514
1726223
1726224
1726225
1729077
1729078
1729787
1729788
1730501
1730502
1731210
1731211
1731212
1731213
1731930
1731931
1732649
1732650
1734083
1734783
1735499
1735500
1735511
1735512
1736214
1736215
1736216
1736217
1736226
1736227
1736930
1736931
1736932
1736933
1736934
1736942
1736943
1736944
1737644
1737645
1737646
1737647
1737648
1737649
1737650
1737651
1737652
1737654
1737655
1737656
1737657
1737658
1738357
1738358
1738359
1738360
1738361
1738362
1738363
1738364
1738365
1738366
1738367
1738368
1738369
1739073
1739074
1739075
1739076
1739077
1739078
1739079
1739080
1739081
1739082
1739083
1739084
1739786
1739787
1739788
1739789
1739790
1739791
1739792
1739793
1739794
1739795
1739796
1740502
1740503
1740504
1740505
1740506
1740507
1740508
1740509
1740510
1741218
1741219
1741220
1741221
1741222
1741223
1741933
1741934
1741935
1741936
1741937
1741938
1741939
1741940
1742653
1742654
1742655
1742656
1742657
1742658
1743361
1743362
1743363
1743364
1743365
1743366
1743367
1744068
1744069
1744070
1744071
1744072
1744774
1745482
1746913
1747627
1748340
1748341
1748342
1748343
1749054
1749055
1749056
1749057
1749058
1749760
1749761
1749763
1749764
1749765
1749766
1749767
1750469
1750470
1750471
1750484
1750485
1751183
1751184
1751185
1751186
1751187
1751899
1751900
1751901
1751902
1751903
1751904
1751905
1752614
1752615
1752616
1752617
1752618
1752619
1752620
1752621
1753328
1753329
1753330
1753331
1753332
1753333
1753334
1753335
1753336
1753337
1753338
1754038
1754039
1754040
1754041
1754042
1754043
1754044
1754045
1754046
1754047
1754052
1754053
1754751
1754752
1754753
1754754
1754755
1754756
1754757
1754758
1754759
1754760
1754761
1754762
1754763
1754764
1754765
1754766
1754767
1754768
1755466
1755467
1755468
1755469
1755470
1755471
1755472
1755473
1755474
1755475
1755476
1755477
1755478
1755479
1755480
1755481
1756182
1756183
1756184
1756185
1756186
1756187
1756188
1756189
1756190
1756191
1756192
1756193
1756194
1756195
1756897
1756898
1756899
1756900
1756901
1756902
1756903
1756904
1757612
1757613
1757614
1757615
1757616
1757617
1758331
1758332
1758333
1759757
1760465
1760473
1760474
1760475
1761174
1761179
1761184
1761185
1761187
1761188
1761189
1761190
1761191
1761886
1761887
1761891
1761899
1761900
1761901
1761902
1761903
1762599
1762604
1762612
1762613
1762614
1762615
1762616
1763309
1764026
1764736
1764740
1765444
1765448
1766154
1766158
1766164
1766864
1766868
1766874
1766876
1766877
1766878
1766879
1766880
1767577
1767585
1767586
1767587
1767588
1767589
1768287
1768293
1768295
1768296
1768297
1768298
1768299
1768996
1768999
1769007
1769008
1769009
1769711
1769714
1770425
1770428
1770437
1770438
1771136
1771139
1771147
1771148
1771149
1771850
1771853
1772575
1772576
1772577
1772578
1773277
1773289
1773290
1773291
1773292
1773293
1773992
1773994
1774004
1774005
1774006
1774007
1774008
1774704
1774705
1774706
1774718
1774719
1776853
1777557
1777570
1777571
1778269
1778280
1778281
1778282
1778283
1778284
1778978
1778989
1778990
1778991
1778992
1778993
1779696
1779698
1779706
1779707
1779708
1779709
1779710
1779711
1779712
1780409
1780411
1780412
1780413
1780414
1780416
1780417
1780418
1780419
1780420
1781117
1781118
1781120
1781121
1781122
1781123
1781124
1781125
1781126
1781127
1781128
1781835
1781836
1781838
1781839
1781840
1781841
1781842
1781843
1781844
1781845
1781846
1782553
1782554
1782555
1782556
1782557
1782558
1782559
1782560
1782561
1783265
1783266
1783267
1783268
1783269
1783270
1783271
1783272
1783273
1783274
1783275
1783278
1783978
1783981
1783982
1783984
1783985
1783986
1783987
1783988
1783989
1783990
1783991
1783992
1783993
1784691
1784694
1784695
1784696
1784697
1784698
1784699
1784700
1784701
1784702
1784703
1784704
1784705
1784706
1785407
1785408
1785410
1785411
1785412
1785413
1785414
1785415
1785416
1785417
1786120
1786121
1786122
1786123
1786124
1786125
1786126
1786127
1786128
1786129
1786130
1786131
1786132
1786833
1786834
1786835
1786836
1786837
1786838
1786839
1786840
1786841
1786842
1786843
1786844
1786845
1786846
1787548
1787549
1787550
1787551
1787552
1787553
1787554
1787555
1787556
1787557
1787558
1787559
1787560
1787561
1788259
1788260
1788262
1788263
1788264
1788265
1788266
1788267
1788268
1788269
1788270
1788271
1788272
1788273
1788971
1788972
1788973
1788974
1788975
1788976
1788977
1788978
1788979
1788980
1788981
1788982
1788983
1788984
1788985
1789682
1789683
1789684
1789685
1789686
1789687
1789688
1789689
1789690
1789692
1789693
1789694
1789695
1789696
1790400
1790401
1790402
1790403
1790404
1790405
1790406
1790407
1790408
1790409
1790411
1790412
1790413
1790414
1791115
1791116
1791117
1791118
1791119
1791120
1791121
1791122
1791123
1791124
1791126
1791127
1791128
1791129
1791821
1791822
1791823
1791824
1791825
1791826
1791827
1791828
1791829
1791830
1791832
1791835
1792537
1792538
1792539
1792540
1792541
1792542
1792543
1792544
1792545
1792546
1792548
1792549
1792550
1792551
1793248
1793249
1793250
1793251
1793252
1793253
1793254
1793255
1793256
1793257
1793259
1793953
1793954
1793955
1793956
1793957
1793958
1793959
1793960
1793961
1793962
1793964
1793965
1793966
1793967
1793968
1794669
1794670
1794671
1794672
1794673
1794674
1794675
1794676
1794677
1794678
1794680
1794681
1794682
1794683
1794684
1795388
1795389
1795390
1795391
1795392
1795393
1795394
1795395
1795396
1795397
1795399
1795400
1795401
1795402
1795403
1796104
1796105
1796106
1796107
1796108
1796109
1796110
1796111
1796112
1796113
1796115
1796116
1796117
1796118
1796816
1796817
1796818
1796819
1796820
1796821
1796822
1796823
1796824
1796826
1796827
1796828
1796829
1797526
1797527
1797528
1797529
1797530
1797531
1797532
1797533
1797534
1797536
1797537
1797538
1797539
1798239
1798240
1798241
1798242
1798243
1798244
1798245
1798246
1798247
1798249
1798250
1798251
1798252
1798253
1798957
1798958
1798959
1798960
1798961
1798962
1798963
1798964
1798965
1798968
1798969
1798970
1798971
1799670
1799671
1799672
1799673
1799674
1799675
1799676
1799677
1799678
1799681
1799682
1799683
1799684
1800386
1800387
1800388
1800389
1800390
1800391
1800392
1800393
1800396
1800397
1800398
1800399
1801103
1801104
1801105
1801106
1801107
1801108
1801109
1801110
1801113
1801114
1801115
1801116
1801813
1801814
1801815
1801816
1801817
1801818
1801819
1801820
1801823
1802522
1802523
1802524
1803240
1803241
1803242
1803243
1803953
1803954
1803955
1803956
1804671
1804672
1804673
1804674
1805388
1805389
1805390
1805391
1806103
1806104
1806105
1806106
1806107
1806820
1806821
1806822
1806823
1806824
1807536
1807537
1807538
1807539
1807540
1808255
1808256
1808257
1808258
1808259
1808970
1808971
1808972
1808973
1808974
1809685
1809686
1809687
1809688
1810402
1810403
1810404
1810405
1811110
1811111
1811112
1811113
1811820
1811821
1811822
1811823
1811824
1812537
1812538
1812539
1812540
1812541
1813247
1813248
1813249
1813250
1813251
1813963
1813964
1813965
1813966
1813967
1814677
1814678
1814679
1814680
1814681
1815396
1815397
1815398
1815399
1815400
1816109
1816110
1816111
1816112
1816113
1816816
1816817
1816818
1816819
1816820
1816827
1817528
1817529
1817530
1817531
1817532
1818243
1818244
1818245
1818246
1818247
1818956
1818957
1818958
1818959
1819669
1819670
1819671
1819672
1820384
1820385
1820386
1820387
2035922
2035923
2036642
2036643
2036644
2036646
2037361
2037362
2037363
2037364
2037365
2037367
2038082
2038083
2038084
2038085
2038086
2038087
2038088
2038801
2038802
2038803
2038804
2038805
2038806
2038807
2038808
2039522
2039523
2039524
2039525
2039526
2039527
2039528
2039529
2040243
2040244
2040245
2040246
2040247
2040248
2040249
2040250
2040964
2040965
2040966
2040967
2040968
2040969
2040970
2040971
2041685
2041686
2041687
2041688
2041689
2041690
2041691
2041692
2042406
2042407
2042408
2042409
2042410
2042411
2042412
2042413
2043127
2043128
2043129
2043130
2043131
2043132
2043133
2043134
2043848
2043849
2043850
2043851
2043852
2043853
2043854
2043855
2044569
2044570
2044571
2044572
2044573
2044574
2044575
2044576
2045291
2045292
2045293
2045294
2045295
2045296
2045297
2046012
2046013
2046014
2046015
2046016
2046017
2046018
2046735
2046736
2046737
2046738
2046739
2047458
2047459
2047460
2048181
2048902
2066206
2066207
2066927
2066928
2067648
2067649
2068369
2068370
2069090
2069091
2069811
2069812
2070532
2070533
2071253
2071254
2071974
2071975
2072695
2072696
2073416
2073417
2074137
2074138
2074858
2074859
2075579
2075580
2076300
2076301
2077021
2077022
2077023
2077742
2077743
2077744
2078463
2078464
2078465
2079184
2079185
2079186
2079905
2079906
2079907
2080626
2080627
2080628
2081347
2081348
2081349
2082068
2082069
2082070
2082789
2082790
2082791
2083510
2083511
2083512
2084231
2084232
2084233
2084952
2084953
2084954
2085670
2085671
2085672
2086391
2086392
2086393
2087112
2087113
2087114
2087833
2087834
2087835
2088554
2088555
2088556
2089275
2089276
2089277
2089996
2089997
2089998
2090717
2090718
2090719
2091438
2091439
2091440
2092159
2092160
2092161
2092880
2092881
2092882
2093601
2093602
2093603
2094322
2094323
2094324
2094325
2095043
2095044
2095045
2095046
2095764
2095765
2095766
2095767
2096485
2096486
2096487
2096488
2097206
2097207
2097208
2097209
2097927
2097928
2097929
2097930
2098648
2098649
2098650
2098651
2099369
2099370
2099371
2099372
2100090
2100091
2100092
2100093
2100811
2100812
2100813
2100814
2101532
2101533
2101534
2101535
2102252
2102253
2102254
2102255
2102973
2102974
2102975
2102976
2103694
2103695
2103696
2103697
2104415
2104416
2104417
2104418
2105135
2105136
2105137
2105138
2105856
2105857
2105858
2105859
2106577
2106578
2106579
2106580
2107298
2107299
2107300
2107301
2108019
2108020
2108021
2108022
2108740
2108741
2108742
2108743
2109461
2109462
2109463
2109464
2110182
2110183
2110184
2110185
2110903
2110904
2110905
2110906
2110907
2111624
2111625
2111626
2111627
2111628
2112345
2112346
2112347
2112348
2112349
2113066
2113067
2113068
2113069
2113070
2113787
2113788
2113789
2113790
2113791
2114508
2114509
2114510
2114511
2114512
2115229
2115230
2115231
2115232
2115233
2115950
2115951
2115952
2115953
2115954
2116671
2116672
2116673
2116674
2116675
2117392
2117393
2117394
2117395
2117396
2118113
2118114
2118115
2118116
2118117
2118834
2118835
2118836
2118837
2118838
2119555
2119556
2119557
2119558
2119559
2120276
2120277
2120278
2120279
2120280
2120997
2120998
2120999
2121000
2121001
2121718
2121719
2121720
2121721
2121722
2122439
2122440
2122441
2122442
2122443
2123160
2123161
2123162
2123163
2123164
2123881
2123882
2123883
2123884
2123885
2124602
2124603
2124604
2124605
2124606
2125323
2125324
2125325
2125326
2125327
2126044
2126045
2126046
2126047
2126048
2126765
2126766
2126767
2126768
2126769
2127486
2127487
2127488
2127489
2127490
2128207
2128208
2128209
2128210
2128211
2128928
2128929
2128930
2128931
2128932
2129649
2129650
2129651
2129652
2129653
2130370
2130371
2130372
2130373
2130374
2130375
2131091
2131092
2131093
2131094
2131095
2131096
2131812
2131813
2131814
2131815
2131816
2131817
2132533
2132534
2132535
2132536
2132537
2132538
2133254
2133255
2133256
2133257
2133258
2133259
2133975
2133976
2133977
2133978
2133979
2133980
2134696
2134697
2134698
2134699
2134700
2134701
2135417
2135418
2135419
2135420
2135421
2135422
2136138
2136139
2136140
2136141
2136142
2136143
2136859
2136860
2136861
2136862
2136863
2136864
2137580
2137581
2137582
2137583
2137584
2137585
2138301
2138302
2138303
2138304
2138305
2138306
2139022
2139023
2139024
2139025
2139026
2139027
2139743
2139744
2139745
2139746
2139747
2139748
2140464
2140465
2140466
2140467
2140468
2140469
2141185
2141186
2141187
2141188
2141189
2141190
2141905
2141906
2141907
2141908
2141909
2141910
2142626
2142627
2142628
2142629
2142630
2142631
2143345
2143346
2143347
2143348
2143349
2143350
2144062
2144063
2144064
2144065
2144066
2144067
2144781
2144782
2144783
2144784
2144785
2144786
2145499
2145500
2145501
2145502
2145503
2145504
2146215
2146216
2146217
2146218
2146219
2146220
2146930
2146931
2146932
2146933
2146934
2146935
2147646
2147647
2147648
2147649
2147650
2147651
2148366
2148367
2148368
2148369
2148370
2148371
2149084
2149085
2149086
2149087
2149088
2149089
2149799
2149800
2149801
2149802
2149803
2149804
2150520
2150521
2150522
2150523
2150524
2150525
2151236
2151237
2151238
2151239
2151240
2151241
2151953
2151954
2151955
2151956
2151957
2151958
2152672
2152673
2152674
2152675
2152676
2152677
2153391
2153392
2153393
2153394
2153395
2153396
2154110
2154111
2154112
2154113
2154114
2154115
2154829
2154830
2154831
2154832
2154833
2154834
2155545
2155546
2155547
2155548
2155549
2155550
2156263
2156264
2156265
2156266
2156267
2156268
2156982
2156983
2156984
2156985
2156986
2156987
2157698
2157699
2157700
2157701
2157702
2157703
2158415
2158416
2158417
2158418
2158419
2158420
2159132
2159133
2159134
2159135
2159136
2159137
2159850
2159851
2159852
2159853
2159854
2159855
2160570
2160571
2160572
2160573
2160574
2160575
2161289
2161290
2161291
2161292
2161293
2161294
2162008
2162009
2162010
2162011
2162012
2162013
2162722
2162723
2162724
2162725
2162726
2162727
2163437
2163438
2163439
2163440
2163441
2163442
2164153
2164154
2164155
2164156
2164157
2164158
2164873
2164874
2164875
2164876
2164877
2164878
2165589
2165590
2165591
2165592
2165593
2165594
2166308
2166309
2166310
2166311
2166312
2166313
2167024
2167025
2167026
2167027
2167028
2167029
2167740
2167741
2167742
2167743
2167744
2167745
2168455
2168456
2168457
2168458
2168459
2168460
2169171
2169172
2169173
2169174
2169175
2169176
2169888
2169889
2169890
2169891
2169892
2169893
2170605
2170606
2170607
2170608
2170609
2170610
2171322
2171323
2171324
2171325
2171326
2171327
2172037
2172038
2172039
2172040
2172041
2172042
2172753
2172754
2172755
2172756
2172757
2172758
2173470
2173471
2173472
2173473
2173474
2173475
2174185
2174186
2174187
2174188
2174189
2174190
2174904
2174905
2174906
2174907
2174908
2174909
2175624
2175625
2175626
2175627
2175628
2175629
2176340
2176341
2176342
2176343
2176344
2176345
2177057
2177058
2177059
2177060
2177061
2177062
2177778
2177779
2177780
2177781
2177782
2177783
2178497
2178498
2178499
2178500
2178501
2178502
2179210
2179211
2179212
2179213
2179214
2179215
2179928
2179929
2179930
2179931
2179932
2179933
2200735
2206467
2206468
2206469
2206470
2207184
2207185
2207186
2207187
2207188
2207189
2207902
2207903
2207904
2207905
2207906
2207907
2208622
2208623
2208624
2208625
2208626
2208627
2209338
2209340
2209341
2209342
2209343
2214357
2214358
2214359
2215075
2215076
2215077
2215078
2215079
2215080
2215790
2215791
2215792
2215793
2215794
2215795
2216508
2216509
2216510
2216511
2221525
2221526
2221527
2222244
2222245
2222246
2222247
2222248
2222249
2222964
2222965
2222966
2222967
2222968
2222969
2223679
2223680
2223681
2223682
2223683
2223684
2229423
2229424
2229425
2229426
2230140
2230141
2230142
2230143
2230144
2230145
2230858
2230859
2230860
2230861
2230862
2231576
2231577
2231578
2235147
2235863
2236583
2236588
2236589
2236590
2237303
2237308
2237309
2237310
2237311
2237312
2238022
2238028
2238029
2238030
2238031
2238740
2239457
2240176
2240894
2241615
2242333
2243051
2243056
2243057
2243769
2243774
2243775
2243776
2243777
2243778
2244488
2244494
2244495
2244496
2244497
2245207
2245923
2246641
2247358
2248072
2248789
2249503
2249508
2249509
2250221
2250226
2250227
2250228
2250229
2250230
2250937
2250942
2250943
2250944
2250945
2250946
2251656
2252376
2253092
2253808
2254528
2255247
2255964
2255965
2255969
2255970
2255971
2256681
2256682
2256686
2256687
2256688
2256689
2256690
2257397
2258111
2258112
2258826
2258827
2259543
2259544
2260261
2260262
2260263
2260977
2260978
2260979
2261696
2261697
2261698
2261702
2261703
2262413
2262414
2262415
2262419
2262420
2262421
2263128
2263129
2263130
2263138
2263839
2263840
2263841
2264556
2264557
2264558
2265272
2265273
2265274
2265992
2265993
2265994
2266707
2266708
2266709
2267426
2267427
2267428
2267432
2268143
2268144
2268145
2268149
2268150
2268861
2268862
2268863
2269577
2269578
2269579
2270292
2270293
2270294
2271008
2271009
2271010
2271011
2271725
2271726
2271727
2272442
2272443
2272444
2273161
2273162
2273163
2273164
2273167
2273168
2273875
2273876
2273877
2273878
2274593
2274594
2274595
2274596
2275312
2275313
2275314
2275315
2276028
2276029
2276030
2276031
2276742
2276743
2276744
2276745
2277460
2277461
2277462
2277463
2278178
2278179
2278180
2278181
2278899
2278900
2278901
2278904
2278905
2279612
2279613
2279614
2279615
2280329
2280330
2280331
2280332
2281043
2281044
2281045
2281046
2281760
2281761
2281762
2281763
2282478
2282479
2282480
2282481
2283198
2283199
2283200
2283201
2283914
2283915
2283916
2283917
2284629
2284630
2284631
2284632
2285343
2285344
2285345
2286060
2286061
2286062
2286063
2286777
2286778
2286779
2286780
2287496
2287497
2287498
2287499
2287500
2288206
2288207
2288208
2288209
2288210
2288923
2288924
2288925
2289641
2289642
2289643
2290359
2290360
2290361
2290362
2291070
2291071
2291072
2291073
2291074
2291786
2291787
2291788
2291789
2291790
2292503
2292504
2292505
2292506
2292507
2293218
2293219
2293220
2293221
2293222
2293935
2293936
2293937
2293938
2294650
2294651
2294652
2295363
2295364
2295365
2295366
2295367
2296078
2296079
2296080
2296081
2296082
2296797
2296798
2296799
2296800
2296801
2297513
2297514
2297515
2297516
2297517
2298227
2298228
2298229
2298230
2298231
2298943
2298944
2299655
2299656
2299657
2300372
2300373
2300374
2301087
2301088
2301801
2301802
2301803
2301804
2301805
2302520
2302521
2302522
2302523
2302524
2302525
2303238
2303239
2303241
2303242
2303243
2303954
2303955
2303956
2303957
2303958
2304673
2304674
2304675
2304676
2305381
2305382
2305383
2305384
2305385
2306092
2306093
2306094
2306095
2306096
2306805
2306806
2306807
2306808
2306809
2307519
2307520
2307521
2307522
2307523
2307524
2308227
2308228
2308229
2308230
2308231
2308232
2308944
2308945
2308946
2309662
2326083
2326800
2326801
2326802
2327511
2327512
2327513
2327514
2327515
2327516
2328225
2328226
2328227
2328228
2328229
2328230
2328231
2328936
2328937
2328938
2328939
2329649
2329650
2329651
2330362
2330363
2331076
2331077
2331791
2331792
2332503
2332504
2333219
2333934
2338936
2339650
2339651
2339655
2339656
2339657
2340365
2340366
2340370
2340371
2340372
2343219
2343933
2344639
2344640
2345346
2345347
2345349
2346056
2346057
2346058
2346059
2346765
2346766
2346767
2346768
2347477
2347478
2347479
2347480
2348190
2348904
2348905
2349621
2349622
2350335
2351053
2351767
2352477
2352478
2353190
2353191
2353909
2353910
2354622
2354623
2355336
2355337
2356051
2356052
2356763
2356764
2356766
2356767
2357478
2357482
2358190
2358899
2359612
2360323
2360324
2361040
2361041
2361042
2361751
2361752
2361753
2362461
2362462
2362463
2362464
2362465
2363179
2363180
2363181
2363184
2363185
2363888
2363889
2363890
2364607
2367459
2367460
2367461
2367462
2368167
2368168
2368169
2368170
2368882
2368883
2368884
2368885
2368886
2368887
2368888
2368889
2369594
2369595
2369596
2369597
2369601
2370304
2370305
2370306
2370307
2371018
2371019
2371020
2371734
2374579
2374580
2374581
2374582
2375291
2375292
2375293
2375294
2376003
2376004
2376005
2376006
2376720
2376721
2376722
2376723
2377439
2377440
2377441
2377442
2378153
2378154
2378155
2378156
2378870
2378871
2381003
2381004
2381005
2381717
2381718
2381719
2381720
2381721
2381722
2381723
2381724
2382433
2382434
2382435
2382436
2382438
2382439
2382440
2383146
2383147
2383148
2383149
2383150
2383153
2383154
2383855
2383856
2383857
2383858
2383859
2384567
2384568
2384569
2384570
2384571
2385280
2385281
2385282
2385283
2385284
2386003
2386004
2386005
2388145
2388146
2388851
2388852
2388853
2388854
2388855
2388856
2388857
2388858
2388859
2389564
2389565
2389566
2389567
2389568
2389571
2389572
2390278
2390279
2390280
2390281
2390282
2390286
2390995
2390996
2390997
2390998
2390999
2391712
2391713
2391714
2391715
2391716
2392427
2392428
2392429
2392430
2392431
2393129
2393130
2393131
2393132
2393133
2393841
2393844
2393845
2394556
2395263
2395268
2395269
2395270
2395972
2395973
2395974
2395978
2395979
2395980
2395981
2396687
2396688
2396689
2396690
2396691
2396692
2396694
2396695
2396696
2397402
2397403
2397404
2397405
2397406
2397407
2397411
2398112
2398113
2398114
2398115
2398116
2398117
2398827
2398828
2398829
2398830
2398831
2398832
2399538
2399539
2399540
2399541
2399542
2399543
2400255
2400256
2400257
2400258
2400259
2400260
2400974
2400975
2400976
2400977
2401682
2401684
2401685
2402398
2402399
2403112
2403113
2403119
2403821
2403822
2403823
2403824
2404531
2404532
2404533
2404534
2404535
2404536
2404537
2405245
2405246
2405247
2405248
2405249
2405250
2405251
2405963
2405964
2405965
2405966
2405967
2405968
2405969
2406676
2406677
2406678
2406679
2406680
2406681
2406682
2407391
2407392
2407393
2407394
2407395
2407396
2407397
2408098
2408099
2408100
2408101
2408102
2408103
2408104
2408812
2408813
2408814
2408815
2408816
2408817
2409527
2409528
2409529
2409530
2410233
2410234
2410235
2410236
2410237
2410942
2410943
2410944
2410946
2410947
2410948
2410949
2411658
2411659
2411660
2411662
2411663
2411664
2411665
2412370
2412371
2412372
2412376
2412377
2413077
2413078
2413079
2413080
2413081
2413793
2413794
2413795
2413796
2413797
2413798
2414505
2414506
2414507
2414508
2414509
2414510
2415219
2415220
2415221
2415222
2415223
2415224
2415933
2415934
2415935
2415936
2415937
2415938
2416639
2416640
2416641
2416642
2416643
2416644
2417354
2417355
2417356
2417357
2417358
2417359
2417360
2417361
2418071
2418072
2418073
2418074
2418075
2418076
2418077
2418774
2418775
2418776
2418777
2418778
2418779
2418780
2419480
2419481
2419482
2419483
2419485
2419486
2420190
2420191
2420192
2420193
2420903
2420904
2420905
2420906
2420907
2421614
2421615
2421616
2421617
2422322
2422323
2422324
2422325
2423028
2423029
2423030
2423031
2423741
2423742
2423743
2423744
2424451
2424452
2424453
2424454
2424455
2424456
2424457
2425159
2425160
2425161
2425162
2425873
2425874
2425875
2426580
2426581
2426582
2427299
2427300
2427301
2428009
2428010
2428011
2428719
2428720
2428721
2428722
2429435
2429436
2429437
2429438
2430146
2430147
2430148
2430149
2430860
2430861
2430862
2431577
2431578
2431579
2432296
2432297
2432298
2433005
2433006
2433007
2433720
2433721
2433722
2434426
2434427
2434428
2435131
2435132
2435133
2435839
2435840
2436542
2436543
2437240
2437241
2437935
2437936
2438630
2439323
2440016
2440707
2441397
2441398
2441399
2442083
2442084
2442085
2442776
2442777
2442778
2443476
2444171
2444878
2445587
2446296
2447012
2449135
2449136
2449137
2449844
2449845
2449846
2450558
2450559
2456951
2456952
2457661
2457662
2457663
2457664
2458375
2458376
2458377
2464751
2465459
2465460
2465461
2466169
2466171
2466887
2473303
2474021
2474737
