Sample Indices
Indices Size:
4270
Data:
1658569
1658570
1659282
1659283
1664268
1664988
1665699
1665701
1666414
1666416
1666456
1667163
1668589
1668592
1669294
1669295
1669998
1669999
1670000
1670001
1670708
1670710
1670711
1671416
1671417
1671419
1672126
1672127
1672129
1672838
1672839
1676366
1677795
1678508
1678509
1678510
1679225
1679226
1679227
1679939
1679940
1679941
1680656
1680657
1680658
1681369
1681370
1682083
1682084
1682793
1682794
1682832
1683501
1683502
1683540
1683541
1684213
1684214
1684252
1684253
1684931
1684932
1684970
1684971
1685644
1685645
1685646
1685683
1685684
1686354
1686355
1686356
1686393
1686394
1687072
1687073
1687110
1687111
1687782
1687820
1688500
1688501
1689212
1689926
1690642
1691351
1692064
1692783
1693496
1694211
1694926
1695638
1697768
1702053
1702767
1707660
1707732
1708362
1708433
1709070
1709149
1709780
1709860
1710493
1711208
1711916
1712634
1713340
1714052
1714053
1714765
1714766
1715478
1715479
1715562
1716273
1720554
1721264
1721983
1722694
1723323
1723324
1723325
1723326
1723404
1724040
1724041
1724751
1724752
1724756
1725460
1725461
1725463
1725464
1725465
1726172
1726174
1726175
1726176
1726879
1726885
1726886
1726888
1726964
1727603
1727678
1728312
1728313
1728315
1728390
1729027
1729098
1729099
1729100
1729101
1729726
1729737
1729808
1729809
1729810
1729811
1730440
1730522
1730523
1730524
1730525
1734034
1734109
1734816
1734817
1734818
1734819
1735532
1735533
1735534
1735535
1735536
1736247
1736248
1736249
1736250
1736251
1736890
1736964
1736966
1736967
1737604
1738310
1738316
1738317
1738318
1738394
1738395
1739031
1739032
1739742
1739743
1739744
1740456
1740457
1740458
1740535
1740536
1741169
1741170
1741171
1741246
1741247
1741248
1741249
1741250
1741883
1741884
1741885
1741960
1741961
1741962
1741963
1741964
1742601
1742602
1742603
1742678
1742679
1742680
1742681
1742682
1743308
1743309
1743310
1743311
1743386
1743387
1743388
1743389
1743390
1744013
1744015
1744016
1745508
1746219
1746220
1746938
1746939
1747650
1747651
1747652
1747653
1747654
1748363
1748364
1748365
1748366
1748367
1749078
1749079
1749080
1749081
1749082
1749787
1749788
1749789
1749790
1750509
1750510
1751223
1751224
1751939
1751940
1751941
1752655
1752656
1752657
1753367
1753368
1753369
1753370
1753371
1754076
1754077
1754078
1754079
1754080
1754788
1754789
1754790
1754791
1754792
1755501
1755502
1755503
1755504
1755505
1756217
1756931
1757644
1758360
1758361
1758362
1759075
1759076
1759077
1759078
1759790
1759791
1759792
1759793
1759794
1760497
1760498
1760499
1760500
1760501
1760502
1761098
1761211
1761212
1761213
1761214
1761215
1761216
1761923
1761924
1761925
1761926
1761927
1761928
1762523
1762638
1762639
1762640
1762641
1763228
1763343
1763344
1763346
1763945
1764063
1764659
1764774
1764775
1764776
1764777
1764778
1765367
1765368
1765482
1765483
1765484
1765485
1765486
1766077
1766078
1766191
1766192
1766193
1766194
1766195
1766196
1766787
1766788
1766901
1766902
1766903
1766904
1766905
1766906
1767496
1767497
1767610
1767611
1767612
1767613
1767614
1767615
1768206
1768207
1768324
1768325
1768919
1768920
1769033
1769034
1769035
1769036
1769037
1769634
1769635
1769748
1769749
1769751
1769752
1770348
1770349
1770462
1770463
1770464
1770465
1770466
1771059
1771060
1771173
1771174
1771176
1771177
1771773
1771774
1771887
1771888
1771889
1771890
1771891
1771892
1772487
1772488
1772489
1772600
1772601
1772602
1772603
1772604
1772605
1772606
1773201
1773202
1773203
1773315
1773316
1773317
1773318
1773319
1773320
1773916
1773917
1773918
1773919
1774030
1774031
1774032
1774033
1774034
1774035
1774628
1774629
1774630
1774742
1774743
1774744
1774745
1774746
1774747
1775340
1775341
1775342
1775343
1775454
1775455
1775456
1775457
1775458
1775459
1776054
1776055
1776056
1776057
1776063
1776169
1776170
1776171
1776172
1776173
1776766
1776767
1776768
1776769
1776770
1776774
1776775
1776881
1776882
1776883
1776884
1776885
1776886
1777480
1777481
1777482
1777483
1777484
1777488
1777489
1777595
1777596
1777597
1777598
1777599
1777600
1778192
1778193
1778194
1778195
1778196
1778201
1778307
1778308
1778309
1778310
1778311
1778312
1778901
1778902
1778903
1778904
1778905
1778910
1779016
1779017
1779018
1779019
1779020
1779021
1779620
1779621
1779622
1779623
1779628
1779734
1779735
1779736
1779737
1779738
1779739
1780333
1780334
1780335
1780336
1780337
1780447
1780448
1780449
1780450
1780451
1780452
1781041
1781042
1781043
1781044
1781045
1781050
1781155
1781156
1781157
1781158
1781159
1781160
1781759
1781760
1781761
1781762
1781763
1781873
1781874
1781875
1781876
1781877
1781878
1782474
1782475
1782476
1782477
1782478
1782479
1782483
1782589
1782590
1782591
1782592
1782593
1783188
1783189
1783190
1783191
1783192
1783193
1783197
1783198
1783303
1783304
1783305
1783306
1783307
1783308
1783901
1783902
1783903
1783904
1783905
1783906
1783910
1783911
1784016
1784017
1784018
1784019
1784020
1784021
1784614
1784615
1784616
1784617
1784618
1784619
1784620
1784623
1784624
1784731
1784732
1784733
1784734
1785330
1785331
1785332
1785333
1785334
1785335
1785336
1785445
1785446
1785447
1785448
1785449
1785450
1786044
1786045
1786046
1786047
1786048
1786049
1786053
1786054
1786160
1786161
1786162
1786163
1786757
1786758
1786759
1786760
1786761
1786762
1786766
1786767
1786872
1786873
1786874
1786875
1786876
1787472
1787473
1787474
1787475
1787476
1787477
1787481
1787482
1787587
1787588
1787589
1787590
1787591
1788183
1788184
1788185
1788186
1788187
1788188
1788189
1788193
1788194
1788298
1788299
1788300
1788301
1788302
1788895
1788896
1788897
1788898
1788899
1788900
1788901
1788905
1788906
1789010
1789011
1789012
1789013
1789014
1789605
1789606
1789607
1789608
1789609
1789610
1789615
1789616
1789720
1789721
1789722
1789723
1789724
1789725
1790324
1790325
1790326
1790327
1790328
1790329
1790330
1790331
1790439
1790440
1790441
1790442
1790443
1790444
1791039
1791040
1791041
1791042
1791043
1791044
1791154
1791155
1791156
1791157
1791158
1791159
1791744
1791745
1791746
1791747
1791748
1791749
1791861
1791862
1791863
1791864
1791865
1792459
1792460
1792461
1792462
1792463
1792464
1792577
1792578
1792579
1792580
1792581
1793169
1793170
1793171
1793172
1793173
1793174
1793175
1793288
1793289
1793290
1793291
1793292
1793874
1793875
1793876
1793877
1793878
1793879
1793880
1793993
1793994
1793995
1793996
1793997
1794590
1794591
1794592
1794593
1794594
1794595
1794596
1794709
1794710
1794711
1794712
1794713
1795309
1795310
1795311
1795312
1795313
1795314
1795315
1795428
1795429
1795430
1795431
1795432
1796025
1796026
1796027
1796028
1796029
1796030
1796031
1796145
1796146
1796147
1796148
1796149
1796736
1796737
1796738
1796739
1796740
1796741
1796742
1796856
1796857
1796858
1796859
1796860
1797446
1797447
1797448
1797449
1797450
1797451
1797452
1797566
1797567
1797568
1797569
1797570
1798159
1798160
1798161
1798162
1798163
1798164
1798165
1798279
1798280
1798281
1798282
1798283
1798877
1798878
1798879
1798880
1798881
1798882
1798883
1798884
1798997
1798998
1798999
1799000
1799001
1799590
1799591
1799592
1799593
1799594
1799595
1799596
1799710
1799711
1799712
1799713
1799714
1800305
1800306
1800307
1800308
1800309
1800310
1800311
1800312
1800425
1800426
1800427
1800428
1800478
1801023
1801024
1801025
1801026
1801027
1801028
1801029
1801030
1801031
1801144
1801145
1801188
1801189
1801190
1801191
1801192
1801193
1801194
1801195
1801196
1801197
1801198
1801199
1801735
1801736
1801737
1801738
1801739
1801740
1801741
1801742
1801743
1801744
1801745
1801748
1801897
1801898
1801899
1801900
1801901
1801902
1801903
1801904
1801905
1801906
1801907
1802446
1802447
1802448
1802449
1802450
1802451
1802452
1802453
1802454
1802455
1802456
1802457
1802605
1802606
1802607
1802608
1802609
1802610
1802611
1802612
1802613
1802614
1803164
1803165
1803166
1803167
1803168
1803169
1803170
1803171
1803172
1803173
1803174
1803323
1803324
1803325
1803326
1803327
1803328
1803329
1803330
1803331
1803332
1803877
1803878
1803879
1803880
1803881
1803882
1803883
1803884
1803885
1803886
1803887
1803888
1803889
1804036
1804037
1804038
1804039
1804040
1804041
1804042
1804043
1804044
1804045
1804046
1804595
1804596
1804597
1804598
1804599
1804600
1804601
1804602
1804603
1804604
1804605
1804606
1804755
1804756
1804757
1804758
1804759
1804760
1804761
1804762
1804763
1804764
1805313
1805314
1805315
1805316
1805317
1805318
1805319
1805320
1805321
1805472
1805473
1805474
1805475
1805476
1805477
1805478
1805479
1805480
1805481
1806028
1806029
1806030
1806031
1806032
1806033
1806034
1806035
1806036
1806187
1806188
1806189
1806190
1806191
1806192
1806193
1806194
1806195
1806196
1806197
1806745
1806746
1806747
1806748
1806749
1806750
1806751
1806752
1806753
1806905
1806906
1806907
1806908
1806909
1806910
1806911
1806912
1806913
1806914
1807461
1807462
1807463
1807464
1807465
1807466
1807467
1807468
1807469
1807621
1807622
1807623
1807624
1807625
1807626
1807627
1807628
1807629
1807630
1808180
1808181
1808182
1808183
1808184
1808185
1808186
1808187
1808188
1808341
1808342
1808343
1808344
1808345
1808346
1808347
1808348
1808349
1808895
1808896
1808897
1808898
1808899
1808900
1808901
1808902
1808903
1809056
1809057
1809058
1809059
1809060
1809061
1809062
1809063
1809064
1809610
1809611
1809612
1809613
1809614
1809615
1809616
1809617
1809769
1809770
1809771
1809772
1809773
1809774
1809775
1809776
1809777
1809778
1810327
1810328
1810329
1810330
1810331
1810332
1810333
1810334
1810486
1810487
1810488
1810489
1810490
1810491
1810492
1810493
1810494
1810495
1811035
1811036
1811037
1811038
1811039
1811040
1811041
1811042
1811194
1811195
1811196
1811197
1811198
1811199
1811200
1811201
1811202
1811203
1811745
1811746
1811747
1811748
1811749
1811750
1811751
1811752
1811904
1811905
1811906
1811907
1811908
1811909
1811910
1811911
1811912
1812462
1812463
1812464
1812465
1812466
1812467
1812468
1812469
1812620
1812621
1812622
1812623
1812624
1812625
1812626
1812627
1812628
1812629
1813173
1813174
1813175
1813176
1813177
1813178
1813179
1813331
1813332
1813333
1813334
1813335
1813336
1813337
1813338
1813339
1813340
1813889
1813890
1813891
1813892
1813893
1813894
1813895
1814047
1814048
1814049
1814050
1814051
1814052
1814053
1814054
1814055
1814056
1814057
1814603
1814604
1814605
1814606
1814607
1814608
1814609
1814762
1814763
1814764
1814765
1814766
1814767
1814768
1814769
1814770
1815322
1815323
1815324
1815325
1815326
1815327
1815328
1815482
1815483
1815484
1815485
1815486
1815487
1815488
1816034
1816035
1816036
1816037
1816038
1816039
1816040
1816192
1816193
1816196
1816199
1816741
1816742
1816743
1816744
1816745
1816746
1816747
1816856
1817453
1817454
1817455
1817456
1817457
1817458
1817459
1817569
1817570
1818168
1818169
1818170
1818171
1818172
1818173
1818174
1818284
1818285
1818286
1818880
1818881
1818882
1818883
1818884
1818885
1818886
1818996
1818997
1818998
1819593
1819594
1819595
1819596
1819597
1819598
1819599
1819709
1819710
1819711
1820309
1820310
1820311
1820312
1820313
1820314
1820424
1820425
1820426
1821016
1821017
1821018
1821019
1821020
1821131
1821132
1821133
1821736
1821737
1821738
1821739
1821740
1821850
1821851
1821852
1822450
1822451
1822452
1822453
1822454
1822564
1822565
1822566
1823169
1823170
1823171
1823172
1823282
1823283
1823284
1823879
1823880
1823881
1823882
1823883
1823993
1823994
1823995
1824594
1824595
1824596
1824597
1824598
1824709
1824710
1825313
1825314
1825315
1825316
1825427
1825428
1826029
1826030
1826031
1826032
1826143
1826144
1826744
1826745
1826746
1827461
1827462
1827463
1827464
1828178
1828179
1828180
1828892
1828893
1828894
1829051
1829054
1829609
1829610
1829762
1829763
1829764
1829765
1829766
1829767
1829768
1829769
1829770
1829771
1830326
1830327
1830480
1830481
1830482
1830483
1830484
1830485
1830486
1830487
1831042
1831043
1831196
1831197
1831198
1831199
1831200
1831201
1831202
1831203
1831757
1831758
1831912
1831913
1831914
1831915
1831916
1831917
1831918
1831919
1832470
1832471
1832625
1832626
1832627
1832628
1832629
1832630
1832631
1832632
1833181
1833182
1833336
1833337
1833338
1833339
1833340
1833341
1833342
1833897
1834052
1834053
1834054
1834055
1834056
1834057
1834058
1834609
1834764
1834765
1834766
1834767
1834768
1834769
1834770
1834771
1835319
1835477
1835478
1835479
1835480
1835481
1835482
1835483
1835484
1836031
1836189
1836190
1836191
1836192
1836193
1836194
1836908
1836909
1836910
1836911
1836912
1836913
1836914
1837623
1837624
1837625
1837626
1837627
1837628
1837629
1838182
1838338
1838339
1838340
1838341
1838342
1838343
1838344
1838896
1839053
1839054
1839055
1839056
1839057
1839058
1839609
1839766
1839767
1839768
1839769
1839770
1839771
1840481
1840482
1840483
1840484
1840485
1840486
1840487
1841198
1841199
1841200
1841201
1841202
1841203
1841204
1841913
1841914
1841915
1841916
1841917
1841918
1842627
1842628
1842629
1842630
1842631
1842632
1842633
1843338
1843339
1843340
1843341
1843342
1843343
1843344
1844052
1844053
1844054
1844055
1844056
1844057
1844766
1844767
1844768
1844769
1844770
1844771
1844772
1845481
1845482
1845483
1845484
1845485
1845486
1846199
1846200
1846201
1846202
1846203
1846204
1846915
1846916
1846917
1846918
1846919
1846920
1847632
1847633
1847634
1847635
1847636
1848349
1848350
1848351
1848352
1848353
1849067
1849068
1849069
1849070
1849071
1849781
1849782
1849783
1849784
1849785
1850501
1850502
1850503
1850504
1850505
1851217
1851218
1851219
1851220
1851221
1851934
1851935
1851936
1851937
1851938
1852653
1852654
1852655
1852656
1853369
1853370
1853371
1853372
1853373
1854089
1854090
1854091
1854092
1854806
1854807
1854808
1854809
1855523
1855524
1855525
1855526
1856238
1856239
1856240
1856241
1856953
1856954
1856955
1856956
1857667
1857668
1857669
1857670
1858384
1858385
1858386
1858387
1859100
1859101
1859102
1859103
1859817
1859818
1859819
1860531
1860532
1860533
1861247
1861248
1861249
1861250
1861963
1861964
1861965
1862677
1862678
1862679
1863394
1863395
1864114
1864115
1864116
1864832
1864833
1864834
1864835
1865552
1865553
1865554
1865555
1866269
1866270
1866271
1866984
1866985
1866986
1867703
1867704
1867705
1868422
1868423
1868964
1869141
1869142
1869858
1869859
1869860
1870573
1870574
1870575
1871291
1872005
1872006
1872725
1873437
1873438
1874155
1874156
1874876
1875593
1875594
1876306
1877024
1877741
1879167
1879887
1880602
1881315
1882030
1882746
1884175
1962524
1963964
1964685
1966128
1966848
1967569
1967570
1968289
1969009
1969010
1969729
1969730
1999278
2005758
2007199
2007920
2008641
2008642
2009362
2009363
2010082
2010083
2010803
2010804
2011525
2012245
2012246
2012966
2013686
2013687
2014408
2014409
2015129
2015130
2015850
2015851
2016571
2016572
2017292
2017293
2017294
2018013
2018014
2018015
2018734
2018735
2018736
2019455
2019456
2019457
2019458
2020176
2020177
2020178
2020896
2020897
2020898
2020899
2021617
2021618
2021619
2021620
2022338
2022339
2022340
2022341
2022342
2023060
2023061
2023062
2023063
2023780
2023781
2023782
2023783
2023784
2024502
2024503
2024504
2024505
2025223
2025224
2025225
2025226
2025944
2025945
2025946
2025947
2025948
2026665
2026666
2026667
2026668
2026669
2027386
2027387
2027388
2027389
2028107
2028108
2028109
2028110
2028828
2028829
2028830
2028831
2028832
2029547
2029548
2029549
2029550
2029551
2030268
2030269
2030270
2030271
2030272
2030989
2030990
2030991
2030992
2030993
2031710
2031711
2031712
2031713
2031714
2032431
2032432
2032433
2032434
2032435
2032436
2033152
2033153
2033154
2033155
2033156
2033157
2033873
2033874
2033875
2033876
2033877
2033878
2034592
2034593
2034594
2034595
2034596
2034597
2035313
2035314
2035315
2035316
2035317
2035318
2036034
2036035
2036036
2036037
2036038
2036039
2036040
2036755
2036756
2036757
2036758
2036759
2036760
2037476
2037477
2037478
2037479
2037480
2037481
2037482
2038198
2038199
2038200
2038201
2038202
2038203
2038204
2038919
2038920
2038921
2038922
2038923
2038924
2039645
2039646
2039647
2040371
2040372
2040373
2040374
2041099
2041100
2041101
2067659
2067660
2067661
2067662
2068380
2068381
2068382
2068383
2069101
2069102
2069103
2069104
2069822
2069823
2069824
2069825
2070543
2070544
2070545
2070546
2070547
2071264
2071265
2071266
2071267
2071268
2071985
2071986
2071987
2071988
2071989
2072706
2072707
2072708
2072709
2072710
2073427
2073428
2073429
2073430
2073431
2074148
2074149
2074150
2074151
2074152
2074869
2074870
2074871
2074872
2074873
2075590
2075591
2075592
2075593
2075594
2076311
2076312
2076313
2076314
2076315
2077032
2077033
2077034
2077035
2077036
2077753
2077754
2077755
2077756
2077757
2078474
2078475
2078476
2078477
2078478
2079195
2079196
2079197
2079198
2079199
2079916
2079917
2079918
2079919
2079920
2080637
2080638
2080639
2080640
2080641
2081358
2081359
2081360
2081361
2081362
2082079
2082080
2082081
2082082
2082083
2082800
2082801
2082802
2082803
2082804
2083521
2083522
2083523
2083524
2083525
2084242
2084243
2084244
2084245
2084246
2084963
2084964
2084965
2084966
2084967
2085681
2085682
2085683
2085684
2085685
2086402
2086403
2086404
2086405
2086406
2087123
2087124
2087125
2087126
2087127
2087128
2087843
2087844
2087845
2087846
2087847
2087848
2087849
2088565
2088566
2088567
2088568
2088569
2088570
2089285
2089286
2089287
2089288
2089289
2089290
2089291
2090006
2090007
2090008
2090009
2090010
2090011
2090012
2090727
2090728
2090729
2090730
2090731
2090732
2090733
2091448
2091449
2091450
2091451
2091452
2091453
2091454
2092169
2092170
2092171
2092172
2092173
2092174
2092175
2092890
2092891
2092892
2092893
2092894
2092895
2092896
2093611
2093612
2093613
2093614
2093615
2093616
2093617
2094332
2094333
2094334
2094335
2094336
2094337
2094338
2095053
2095054
2095055
2095056
2095057
2095058
2095059
2095774
2095775
2095776
2095777
2095778
2095779
2095780
2096495
2096496
2096497
2096498
2096499
2096500
2096501
2097216
2097217
2097218
2097219
2097220
2097221
2097222
2097937
2097938
2097939
2097940
2097941
2097942
2097943
2098658
2098659
2098660
2098661
2098662
2098663
2098664
2099379
2099380
2099381
2099382
2099383
2099384
2099385
2100100
2100101
2100102
2100103
2100104
2100105
2100106
2100821
2100822
2100823
2100824
2100825
2100826
2100827
2101543
2101544
2101545
2101546
2101547
2101548
2102263
2102264
2102265
2102266
2102267
2102268
2102984
2102985
2102986
2102987
2102988
2102989
2103705
2103706
2103707
2103708
2103709
2103710
2104426
2104427
2104428
2104429
2104430
2104431
2105146
2105147
2105148
2105149
2105150
2105151
2105867
2105868
2105869
2105870
2105871
2105872
2106588
2106589
2106590
2106591
2106592
2106593
2107309
2107310
2107311
2107312
2107313
2108030
2108031
2108032
2108033
2108034
2108751
2108752
2108753
2108754
2108755
2109472
2109473
2109474
2109475
2109476
2110193
2110194
2110195
2110196
2110197
2110914
2110915
2110916
2110917
2110918
2111635
2111636
2111637
2111638
2111639
2112356
2112357
2112358
2112359
2112360
2113077
2113078
2113079
2113080
2113081
2113798
2113799
2113800
2113801
2113802
2114519
2114520
2114521
2114522
2114523
2115240
2115241
2115242
2115243
2115244
2115961
2115962
2115963
2115964
2115965
2116683
2116684
2116685
2116686
2117404
2117405
2117406
2117407
2118125
2118126
2118127
2118128
2118846
2118847
2118848
2118849
2119567
2119568
2119569
2119570
2120288
2120289
2120290
2120291
2121009
2121010
2121011
2121012
2121730
2121731
2121732
2121733
2122451
2122452
2122453
2122454
2123172
2123173
2123174
2123175
2123893
2123894
2123895
2123896
2124614
2124615
2124616
2124617
2125335
2125336
2125337
2125338
2126056
2126057
2126058
2126059
2126777
2126778
2126779
2126780
2127498
2127499
2127500
2127501
2128219
2128220
2128221
2128940
2128941
2128942
2129661
2129662
2129663
2130382
2130383
2130384
2131103
2131104
2131105
2131824
2131825
2131826
2132545
2132546
2132547
2133266
2133267
2133268
2133987
2133988
2133989
2134708
2134709
2134710
2135429
2135430
2135431
2136150
2136151
2136152
2136871
2136872
2136873
2137592
2137593
2137594
2138313
2138314
2138315
2139034
2139035
2139036
2139755
2139756
2139757
2140477
2140478
2141198
2141199
2141918
2141919
2142639
2142640
2143358
2143359
2144075
2144076
2144794
2144795
2145512
2145513
2146228
2146229
2146943
2146944
2147659
2147660
2148379
2148380
2149097
2149098
2149812
2149813
2150533
2150534
2151249
2151250
2151966
2151967
2152685
2153404
2154123
2154842
2155558
2156276
2156995
2157711
2158428
2159145
2159863
2160583
2161302
2162021
2162735
2163450
2164166
2164886
2165602
2166321
2167747
2168462
2169178
2169895
2170612
2179225
2179943
2180659
2207911
2208631
2208632
2209347
2209348
2210065
2210066
2215798
2215799
2216514
2216515
2216516
2217236
2222889
2222972
2223603
2223687
2223688
2223689
2224322
2224406
2224407
2224408
2225039
2225759
2227191
2230147
2230865
2230866
2230867
2230868
2231581
2231582
2231583
2231584
2234531
2235964
2235965
2235968
2235969
2236688
2236689
2238034
2238035
2238036
2238754
2238755
2238756
2243154
2243155
2244500
2245219
2245220
2245221
2245222
2245223
2257408
2306006
2306719
2306720
2307431
2308139
2308140
2308856
2308858
2309575
2309576
2309587
2333290
2334004
2334005
2334006
2334722
2334723
2334724
2334725
2334726
2335435
2335436
2335437
2335438
2335439
2335440
2335441
2335442
2336144
2336145
2336146
2336147
2336148
2336149
2336150
2336151
2336152
2336153
2336154
2336856
2336857
2336858
2336859
2336860
2336861
2336862
2336863
2336864
2336865
2336866
2336867
2336868
2336869
2337572
2337573
2337574
2337575
2337576
2337577
2337578
2337579
2337580
2337581
2337582
2337583
2337584
2337585
2337586
2337587
2337588
2337589
2338284
2338285
2338286
2338287
2338288
2338289
2338290
2338291
2338292
2338293
2338294
2338295
2338296
2338297
2338298
2338299
2338300
2338301
2338302
2338995
2338996
2338997
2338998
2338999
2339000
2339001
2339002
2339003
2339004
2339005
2339006
2339007
2339008
2339009
2339010
2339011
2339012
2339013
2339658
2339714
2339715
2339716
2339717
2339718
2339719
2339720
2339721
2339722
2339723
2339724
2339725
2339726
2339727
2339728
2339729
2339730
2339731
2339732
2340373
2340374
2340375
2340376
2340377
2340430
2340431
2340432
2340433
2340434
2340435
2340436
2340437
2340438
2340439
2340440
2340441
2340442
2340443
2340444
2340445
2340446
2340447
2341089
2341090
2341091
2341144
2341145
2341146
2341147
2341148
2341149
2341150
2341151
2341152
2341153
2341154
2341155
2341156
2341157
2341158
2341159
2341806
2341859
2341860
2341861
2341862
2341863
2341864
2341865
2341866
2341867
2341868
2341869
2341870
2341871
2341872
2341873
2341874
2342570
2342571
2342572
2342573
2342574
2342575
2342576
2342577
2342578
2342579
2342580
2342581
2342582
2342583
2342584
2342585
2342586
2343147
2343148
2343149
2343150
2343151
2343279
2343280
2343281
2343282
2343283
2343284
2343285
2343286
2343287
2343288
2343289
2343290
2343291
2343292
2343293
2343294
2343295
2343296
2343862
2343863
2343864
2343865
2343993
2343994
2343995
2343996
2343997
2343998
2343999
2344000
2344001
2344002
2344003
2344004
2344005
2344006
2344007
2344008
2344009
2344010
2344565
2344569
2344570
2344571
2344572
2344700
2344701
2344702
2344703
2344704
2344705
2344706
2344707
2344708
2344709
2344710
2344711
2344712
2344713
2344714
2344715
2344716
2344717
2345277
2345278
2345279
2345280
2345281
2345409
2345410
2345411
2345412
2345413
2345414
2345415
2345416
2345417
2345418
2345419
2345420
2345421
2345422
2345423
2345424
2345425
2345426
2345427
2345986
2345987
2345988
2345989
2345990
2345991
2346119
2346120
2346121
2346122
2346123
2346124
2346125
2346126
2346127
2346128
2346129
2346130
2346131
2346132
2346133
2346134
2346135
2346136
2346137
2346695
2346696
2346697
2346698
2346699
2346700
2346773
2346774
2346828
2346829
2346830
2346831
2346832
2346833
2346834
2346835
2346836
2346837
2346838
2346839
2346840
2346841
2346842
2346843
2346844
2346845
2346846
2347408
2347409
2347540
2347541
2347542
2347543
2347544
2347545
2347546
2347547
2347548
2347549
2347550
2347551
2347552
2347553
2347554
2347555
2347556
2347557
2347558
2348118
2348119
2348120
2348121
2348249
2348250
2348251
2348252
2348253
2348254
2348255
2348256
2348257
2348258
2348259
2348260
2348261
2348262
2348263
2348264
2348265
2348266
2348267
2348268
2348965
2348966
2348967
2348968
2348969
2348970
2348971
2348972
2348973
2348974
2348975
2348976
2348977
2348978
2348979
2348980
2348981
2348982
2348983
2349682
2349683
2349684
2349685
2349686
2349687
2349688
2349689
2349690
2349691
2349692
2349693
2349694
2349695
2349696
2349697
2349698
2349699
2350395
2350396
2350397
2350398
2350399
2350400
2350401
2350402
2350403
2350404
2350405
2350406
2350407
2350408
2350409
2350410
2350411
2350412
2351119
2351120
2351121
2351122
2351123
2351124
2351125
2351126
2351127
2351128
2351129
2351130
2351835
2351836
2351837
2351838
2351839
2351840
2351841
2351842
2351843
2351844
2352484
2352485
2352486
2352549
2352550
2352551
2352552
2352553
2352554
2352555
2353200
2353262
2353263
2353264
2353265
2353266
2353267
2353268
2353269
2353982
2353987
2353988
2354695
2354702
2356124
2356125
2356837
2357483
2357484
2357485
2357486
2357551
2358196
2358197
2358198
2358199
2358263
2358908
2358972
2358973
2361116
2363187
2363188
2363189
2363255
2363256
2363896
2363897
2363898
2363899
2363964
2363965
2364613
2364614
2364615
2364616
2364681
2364682
2369603
2369604
2369605
2370313
2370314
2370315
2370316
2370317
2371028
2371029
2371030
2373234
2373235
2374657
2374658
2375369
2375370
2376733
2382442
2382443
2382444
2383156
2383157
2383158
2383159
2383865
2383866
2383867
2383868
2384579
2384580
2388058
2388860
2388861
2389573
2389574
2389575
2389576
2390287
2390288
2390289
2390290
2390915
2390916
2390917
2391006
2391007
2391633
2391634
2392348
2392349
2392350
2393050
2393051
2393052
2393762
2393763
2393764
2393765
2394479
2394480
2394481
2395187
2395188
2395189
2395895
2395896
2395897
2395898
2395899
2395982
2395983
2395984
2396612
2396613
2396614
2396615
2396616
2396697
2396698
2396699
2397327
2397328
2397329
2397330
2397331
2397332
2397412
2397413
2397414
2398039
2398040
2398041
2398042
2398043
2398123
2398124
2398755
2398756
2398757
2398758
2399466
2399467
2399468
2400182
2400183
2400184
2400901
2400902
2401609
2401610
2402326
2402474
2402475
2403040
2403120
2403121
2403751
2403752
2403831
2403832
2403833
2404462
2404463
2404495
2404542
2404543
2404544
2405175
2405177
2405178
2405209
2405927
2406607
2406640
2407300
2407301
2407302
2407303
2407304
2407322
2407323
2408006
2408007
2408008
2408009
2408010
2408011
2408012
2408030
2408720
2408721
2408722
2408723
2408724
2408725
2408741
2408743
2408744
2409432
2409433
2409434
2409435
2409436
2409437
2409438
2409439
2409440
2409441
2409454
2409457
2410139
2410140
2410141
2410142
2410143
2410144
2410145
2410146
2410147
2410148
2410149
2410150
2410160
2410163
2410164
2410194
2410848
2410849
2410850
2410851
2410852
2410853
2410854
2410855
2410856
2410857
2410858
2410859
2410860
2410861
2410869
2410873
2410903
2410950
2410951
2411565
2411566
2411567
2411568
2411569
2411570
2411571
2411572
2411573
2411574
2411575
2411576
2411577
2411578
2411579
2411589
2411619
2411666
2411667
2411668
2412278
2412279
2412280
2412281
2412282
2412283
2412284
2412285
2412286
2412287
2412288
2412289
2412290
2412291
2412292
2412293
2412294
2412301
2412302
2412331
2412378
2412379
2412380
2412988
2412989
2412990
2412991
2412992
2412993
2412994
2412995
2412996
2412997
2412998
2412999
2413000
2413001
2413002
2413003
2413004
2413005
2413006
2413010
2413011
2413040
2413087
2413088
2413089
2413705
2413706
2413707
2413708
2413709
2413710
2413711
2413712
2413713
2413714
2413715
2413716
2413720
2413721
2413722
2413723
2413726
2413727
2413756
2414418
2414419
2414420
2414421
2414422
2414423
2414424
2414425
2414426
2414427
2414436
2414437
2414438
2414439
2414440
2414468
2415136
2415137
2415138
2415139
2415140
2415141
2415142
2415155
2415183
2415851
2415852
2415853
2415854
2415855
2415896
2416558
2416559
2416560
2416561
2416562
2416602
2417276
2417277
2417278
2417318
2417992
2417993
2417994
2418033
2418078
2418697
2418698
2418699
2418736
2418781
2419405
2419406
2419407
2419443
2419487
2420117
2420118
2420152
2420197
2420831
2420832
2420876
2421546
2421578
2421586
2422255
2422286
2422294
2422295
2422963
2422992
2423676
2423705
2426512
2427231
2427270
2428081
2429461
2429462
2430172
2430173
2430885
2430886
2431601
2431602
2431603
2431651
2431652
2432320
2432321
2432322
2432369
2432370
2432371
2432971
2433029
2433030
2433031
2433078
2433079
2433080
2433081
2433686
2433743
2433744
2433745
2433792
2433793
2433794
2433795
2434391
2434398
2434445
2434446
2434447
2434494
2434495
2434496
2434497
2434498
2435104
2435105
2435106
2435151
2435152
2435153
2435200
2435201
2435202
2435203
2435204
2435810
2435811
2435812
2435856
2435857
2435858
2435905
2435906
2435907
2435908
2435909
2436515
2436516
2436517
2436603
2436604
2436605
2436606
2436607
2437169
2437212
2437213
2437214
2437215
2437296
2437297
2437298
2437299
2437300
2437861
2437862
2437907
2437908
2437909
2437989
2437990
2437991
2437992
2437993
2438556
2438557
2438602
2438603
2438663
2438664
2438680
2438681
2438682
2438683
2438684
2439248
2439296
2439297
2439354
2439355
2439356
2439357
2439372
2439373
2439374
2439375
2439376
2439938
2439939
2439940
2439988
2439989
2440046
2440047
2440048
2440049
2440050
2440065
2440066
2440067
2440068
2440069
2440628
2440629
2440630
2440631
2440632
2440679
2440680
2440734
2440735
2440736
2440737
2440738
2440739
2440740
2440753
2440754
2440755
2440756
2440757
2441319
2441320
2441321
2441322
2441323
2441324
2441325
2441425
2441426
2441427
2441428
2441429
2441430
2441431
2441444
2441445
2441446
2441447
2441448
2442002
2442003
2442004
2442005
2442006
2442007
2442008
2442009
2442115
2442116
2442117
2442118
2442119
2442120
2442121
2442122
2442135
2442136
2442137
2442138
2442139
2442694
2442695
2442696
2442697
2442698
2442699
2442700
2442701
2442702
2442810
2442811
2442812
2442813
2442814
2442815
2442816
2442817
2442818
2442831
2442832
2442833
2442834
2442835
2443389
2443390
2443391
2443392
2443393
2443394
2443395
2443398
2443399
2443400
2443401
2443402
2443494
2443495
2443496
2443503
2443515
2443516
2443517
2443518
2443519
2443520
2443521
2443522
2443535
2443536
2443537
2443538
2443539
2444084
2444085
2444087
2444088
2444089
2444090
2444093
2444189
2444190
2444191
2444192
2444202
2444214
2444215
2444216
2444217
2444218
2444219
2444220
2444221
2444234
2444235
2444236
2444237
2444238
2444791
2444792
2444793
2444794
2444795
2444796
2444797
2444799
2444800
2444801
2444802
2444895
2444896
2444897
2444898
2444899
2444912
2444924
2444925
2444926
2444927
2444928
2444929
2444930
2444931
2444944
2444945
2444946
2444947
2444948
2445502
2445503
2445504
2445505
2445506
2445507
2445508
2445509
2445605
2445606
2445607
2445608
2445623
2445635
2445636
2445637
2445638
2445639
2445640
2445641
2445642
2445655
2445656
2445657
2445658
2446212
2446213
2446215
2446216
2446217
2446218
2446219
2446313
2446314
2446315
2446316
2446317
2446335
2446347
2446348
2446349
2446350
2446351
2446352
2446353
2446354
2446357
2446367
2446368
2446369
2446370
2446371
2446934
2446935
2447030
2447031
2447032
2447033
2447051
2447063
2447064
2447065
2447066
2447067
2447068
2447069
2447070
2447071
2447072
2447073
2447083
2447084
2447085
2447086
2447643
2447644
2447741
2447742
2447761
2447773
2447774
2447775
2447776
2447777
2447778
2447779
2447780
2447782
2447783
2447784
2447793
2447794
2447795
2447796
2448354
2448355
2448356
2448471
2448482
2448483
2448484
2448485
2448486
2448489
2448490
2448492
2448493
2448503
2448504
2448505
2448506
2449061
2449062
2449178
2449179
2449188
2449189
2449190
2449191
2449192
2449193
2449196
2449197
2449199
2449200
2449210
2449211
2449212
2449213
2449772
2449777
2449778
2449779
2449780
2449781
2449886
2449896
2449897
2449898
2449899
2449900
2449907
2449908
2449918
2449919
2449920
2449921
2450491
2450492
2450493
2450599
2450600
2450609
2450610
2450611
2450612
2450613
2450620
2450621
2450631
2450632
2450633
2450634
2450635
2451198
2451199
2451205
2451206
2451207
2451208
2451246
2451312
2451313
2451322
2451323
2451324
2451325
2451326
2451345
2451346
2451347
2451882
2451914
2451915
2451920
2451921
2451959
2452025
2452026
2452035
2452036
2452037
2452038
2452039
2452043
2452044
2452045
2452046
2452059
2452060
2452625
2452629
2452663
2452668
2452732
2452742
2452743
2452744
2452745
2452751
2452752
2452753
2452754
2452766
2452767
2453336
2453337
2453447
2453457
2453458
2453459
2453460
2453467
2453480
2453481
2453482
2454049
2454050
2454085
2454156
2454157
2454166
2454167
2454168
2454169
2454190
2454191
2454839
2454862
2454863
2454871
2454872
2454873
2454874
2454875
2454885
2454896
2454897
2455573
2455574
2455583
2455584
2455585
2455606
2455607
2455608
2456283
2456292
2456293
2456294
2456295
2456316
2456317
2456318
2456848
2456973
2456974
2456991
2457000
2457001
2457002
2457003
2457009
2457024
2457025
2457026
2457684
2457685
2457702
2457711
2457712
2457713
2457714
2457734
2457735
2457736
2457737
2458347
2458398
2458399
2458400
2458416
2458426
2458427
2458428
2458439
2458448
2458449
2458450
2458451
2459112
2459113
2459114
2459129
2459138
2459139
2459140
2459152
2459161
2459162
2459163
2459164
2459827
2459828
2459839
2459848
2459849
2459850
2459871
2459872
2459873
2460529
2460530
2460542
2460551
2460576
2461236
2461237
2461250
2461269
2461282
2461283
2461284
2461955
2461974
2461987
2461988
2461989
2461990
2462519
2462662
2462694
2462695
2462696
2462697
2463223
2463295
2463390
2463399
2463400
2463401
2464007
2464103
2464104
2464114
2464719
2464720
2464815
2464816
2464826
2465427
2465431
2465524
2465532
2465533
2465534
2466064
2466065
2466066
2466137
2466138
2466234
2466235
2466244
2466853
2466854
2466949
2466950
2466951
2466960
2467491
2467662
2467663
2467664
2467665
2468198
2468199
2468200
2468201
2468202
2468376
2468377
2468384
2468385
2468914
2468915
2468916
2469099
2469100
2469750
2470457
2470508
2471175
2471225
2471890
2471949
2471950
2472475
2472476
2472477
2472478
2472479
2472480
2473187
2473188
2473189
2473190
2473191
2473192
2473196
2473197
2473198
2473201
2473375
2473905
2473906
2473907
2473908
2473909
2473920
2473921
2474093
2474621
2474622
2474623
2474624
2474809
2475334
2475335
2475336
2476042
2476043
2476044
2476045
2476231
2476760
2476761
2476762
2476763
2476889
2477467
2477468
2477469
2477470
2478179
2478180
2478181
2478182
2478893
2478894
2479605
2479606
2479607
2480320
2480321
2480322
2481030
2481031
2481032
2481741
2481742
2482455
2482456
2483168
2483880
2484593
2486017
2486727
2486728
2681417
Coefficient of the plane:
0.0310487 0.150774 0.988081 -0.47565
Inliers Indices
Indices Size:
4270
Data:
1658569
1658570
1659282
1659283
1664268
1664988
1665699
1665701
1666414
1666416
1666456
1667163
1668589
1668592
1669294
1669295
1669998
1669999
1670000
1670001
1670708
1670710
1670711
1671416
1671417
1671419
1672126
1672127
1672129
1672838
1672839
1676366
1677795
1678508
1678509
1678510
1679225
1679226
1679227
1679939
1679940
1679941
1680656
1680657
1680658
1681369
1681370
1682083
1682084
1682793
1682794
1682832
1683501
1683502
1683540
1683541
1684213
1684214
1684252
1684253
1684931
1684932
1684970
1684971
1685644
1685645
1685646
1685683
1685684
1686354
1686355
1686356
1686393
1686394
1687072
1687073
1687110
1687111
1687782
1687820
1688500
1688501
1689212
1689926
1690642
1691351
1692064
1692783
1693496
1694211
1694926
1695638
1697768
1702053
1702767
1707660
1707732
1708362
1708433
1709070
1709149
1709780
1709860
1710493
1711208
1711916
1712634
1713340
1714052
1714053
1714765
1714766
1715478
1715479
1715562
1716273
1720554
1721264
1721983
1722694
1723323
1723324
1723325
1723326
1723404
1724040
1724041
1724751
1724752
1724756
1725460
1725461
1725463
1725464
1725465
1726172
1726174
1726175
1726176
1726879
1726885
1726886
1726888
1726964
1727603
1727678
1728312
1728313
1728315
1728390
1729027
1729098
1729099
1729100
1729101
1729726
1729737
1729808
1729809
1729810
1729811
1730440
1730522
1730523
1730524
1730525
1734034
1734109
1734816
1734817
1734818
1734819
1735532
1735533
1735534
1735535
1735536
1736247
1736248
1736249
1736250
1736251
1736890
1736964
1736966
1736967
1737604
1738310
1738316
1738317
1738318
1738394
1738395
1739031
1739032
1739742
1739743
1739744
1740456
1740457
1740458
1740535
1740536
1741169
1741170
1741171
1741246
1741247
1741248
1741249
1741250
1741883
1741884
1741885
1741960
1741961
1741962
1741963
1741964
1742601
1742602
1742603
1742678
1742679
1742680
1742681
1742682
1743308
1743309
1743310
1743311
1743386
1743387
1743388
1743389
1743390
1744013
1744015
1744016
1745508
1746219
1746220
1746938
1746939
1747650
1747651
1747652
1747653
1747654
1748363
1748364
1748365
1748366
1748367
1749078
1749079
1749080
1749081
1749082
1749787
1749788
1749789
1749790
1750509
1750510
1751223
1751224
1751939
1751940
1751941
1752655
1752656
1752657
1753367
1753368
1753369
1753370
1753371
1754076
1754077
1754078
1754079
1754080
1754788
1754789
1754790
1754791
1754792
1755501
1755502
1755503
1755504
1755505
1756217
1756931
1757644
1758360
1758361
1758362
1759075
1759076
1759077
1759078
1759790
1759791
1759792
1759793
1759794
1760497
1760498
1760499
1760500
1760501
1760502
1761098
1761211
1761212
1761213
1761214
1761215
1761216
1761923
1761924
1761925
1761926
1761927
1761928
1762523
1762638
1762639
1762640
1762641
1763228
1763343
1763344
1763346
1763945
1764063
1764659
1764774
1764775
1764776
1764777
1764778
1765367
1765368
1765482
1765483
1765484
1765485
1765486
1766077
1766078
1766191
1766192
1766193
1766194
1766195
1766196
1766787
1766788
1766901
1766902
1766903
1766904
1766905
1766906
1767496
1767497
1767610
1767611
1767612
1767613
1767614
1767615
1768206
1768207
1768324
1768325
1768919
1768920
1769033
1769034
1769035
1769036
1769037
1769634
1769635
1769748
1769749
1769751
1769752
1770348
1770349
1770462
1770463
1770464
1770465
1770466
1771059
1771060
1771173
1771174
1771176
1771177
1771773
1771774
1771887
1771888
1771889
1771890
1771891
1771892
1772487
1772488
1772489
1772600
1772601
1772602
1772603
1772604
1772605
1772606
1773201
1773202
1773203
1773315
1773316
1773317
1773318
1773319
1773320
1773916
1773917
1773918
1773919
1774030
1774031
1774032
1774033
1774034
1774035
1774628
1774629
1774630
1774742
1774743
1774744
1774745
1774746
1774747
1775340
1775341
1775342
1775343
1775454
1775455
1775456
1775457
1775458
1775459
1776054
1776055
1776056
1776057
1776063
1776169
1776170
1776171
1776172
1776173
1776766
1776767
1776768
1776769
1776770
1776774
1776775
1776881
1776882
1776883
1776884
1776885
1776886
1777480
1777481
1777482
1777483
1777484
1777488
1777489
1777595
1777596
1777597
1777598
1777599
1777600
1778192
1778193
1778194
1778195
1778196
1778201
1778307
1778308
1778309
1778310
1778311
1778312
1778901
1778902
1778903
1778904
1778905
1778910
1779016
1779017
1779018
1779019
1779020
1779021
1779620
1779621
1779622
1779623
1779628
1779734
1779735
1779736
1779737
1779738
1779739
1780333
1780334
1780335
1780336
1780337
1780447
1780448
1780449
1780450
1780451
1780452
1781041
1781042
1781043
1781044
1781045
1781050
1781155
1781156
1781157
1781158
1781159
1781160
1781759
1781760
1781761
1781762
1781763
1781873
1781874
1781875
1781876
1781877
1781878
1782474
1782475
1782476
1782477
1782478
1782479
1782483
1782589
1782590
1782591
1782592
1782593
1783188
1783189
1783190
1783191
1783192
1783193
1783197
1783198
1783303
1783304
1783305
1783306
1783307
1783308
1783901
1783902
1783903
1783904
1783905
1783906
1783910
1783911
1784016
1784017
1784018
1784019
1784020
1784021
1784614
1784615
1784616
1784617
1784618
1784619
1784620
1784623
1784624
1784731
1784732
1784733
1784734
1785330
1785331
1785332
1785333
1785334
1785335
1785336
1785445
1785446
1785447
1785448
1785449
1785450
1786044
1786045
1786046
1786047
1786048
1786049
1786053
1786054
1786160
1786161
1786162
1786163
1786757
1786758
1786759
1786760
1786761
1786762
1786766
1786767
1786872
1786873
1786874
1786875
1786876
1787472
1787473
1787474
1787475
1787476
1787477
1787481
1787482
1787587
1787588
1787589
1787590
1787591
1788183
1788184
1788185
1788186
1788187
1788188
1788189
1788193
1788194
1788298
1788299
1788300
1788301
1788302
1788895
1788896
1788897
1788898
1788899
1788900
1788901
1788905
1788906
1789010
1789011
1789012
1789013
1789014
1789605
1789606
1789607
1789608
1789609
1789610
1789615
1789616
1789720
1789721
1789722
1789723
1789724
1789725
1790324
1790325
1790326
1790327
1790328
1790329
1790330
1790331
1790439
1790440
1790441
1790442
1790443
1790444
1791039
1791040
1791041
1791042
1791043
1791044
1791154
1791155
1791156
1791157
1791158
1791159
1791744
1791745
1791746
1791747
1791748
1791749
1791861
1791862
1791863
1791864
1791865
1792459
1792460
1792461
1792462
1792463
1792464
1792577
1792578
1792579
1792580
1792581
1793169
1793170
1793171
1793172
1793173
1793174
1793175
1793288
1793289
1793290
1793291
1793292
1793874
1793875
1793876
1793877
1793878
1793879
1793880
1793993
1793994
1793995
1793996
1793997
1794590
1794591
1794592
1794593
1794594
1794595
1794596
1794709
1794710
1794711
1794712
1794713
1795309
1795310
1795311
1795312
1795313
1795314
1795315
1795428
1795429
1795430
1795431
1795432
1796025
1796026
1796027
1796028
1796029
1796030
1796031
1796145
1796146
1796147
1796148
1796149
1796736
1796737
1796738
1796739
1796740
1796741
1796742
1796856
1796857
1796858
1796859
1796860
1797446
1797447
1797448
1797449
1797450
1797451
1797452
1797566
1797567
1797568
1797569
1797570
1798159
1798160
1798161
1798162
1798163
1798164
1798165
1798279
1798280
1798281
1798282
1798283
1798877
1798878
1798879
1798880
1798881
1798882
1798883
1798884
1798997
1798998
1798999
1799000
1799001
1799590
1799591
1799592
1799593
1799594
1799595
1799596
1799710
1799711
1799712
1799713
1799714
1800305
1800306
1800307
1800308
1800309
1800310
1800311
1800312
1800425
1800426
1800427
1800428
1800478
1801023
1801024
1801025
1801026
1801027
1801028
1801029
1801030
1801031
1801144
1801145
1801188
1801189
1801190
1801191
1801192
1801193
1801194
1801195
1801196
1801197
1801198
1801199
1801735
1801736
1801737
1801738
1801739
1801740
1801741
1801742
1801743
1801744
1801745
1801748
1801897
1801898
1801899
1801900
1801901
1801902
1801903
1801904
1801905
1801906
1801907
1802446
1802447
1802448
1802449
1802450
1802451
1802452
1802453
1802454
1802455
1802456
1802457
1802605
1802606
1802607
1802608
1802609
1802610
1802611
1802612
1802613
1802614
1803164
1803165
1803166
1803167
1803168
1803169
1803170
1803171
1803172
1803173
1803174
1803323
1803324
1803325
1803326
1803327
1803328
1803329
1803330
1803331
1803332
1803877
1803878
1803879
1803880
1803881
1803882
1803883
1803884
1803885
1803886
1803887
1803888
1803889
1804036
1804037
1804038
1804039
1804040
1804041
1804042
1804043
1804044
1804045
1804046
1804595
1804596
1804597
1804598
1804599
1804600
1804601
1804602
1804603
1804604
1804605
1804606
1804755
1804756
1804757
1804758
1804759
1804760
1804761
1804762
1804763
1804764
1805313
1805314
1805315
1805316
1805317
1805318
1805319
1805320
1805321
1805472
1805473
1805474
1805475
1805476
1805477
1805478
1805479
1805480
1805481
1806028
1806029
1806030
1806031
1806032
1806033
1806034
1806035
1806036
1806187
1806188
1806189
1806190
1806191
1806192
1806193
1806194
1806195
1806196
1806197
1806745
1806746
1806747
1806748
1806749
1806750
1806751
1806752
1806753
1806905
1806906
1806907
1806908
1806909
1806910
1806911
1806912
1806913
1806914
1807461
1807462
1807463
1807464
1807465
1807466
1807467
1807468
1807469
1807621
1807622
1807623
1807624
1807625
1807626
1807627
1807628
1807629
1807630
1808180
1808181
1808182
1808183
1808184
1808185
1808186
1808187
1808188
1808341
1808342
1808343
1808344
1808345
1808346
1808347
1808348
1808349
1808895
1808896
1808897
1808898
1808899
1808900
1808901
1808902
1808903
1809056
1809057
1809058
1809059
1809060
1809061
1809062
1809063
1809064
1809610
1809611
1809612
1809613
1809614
1809615
1809616
1809617
1809769
1809770
1809771
1809772
1809773
1809774
1809775
1809776
1809777
1809778
1810327
1810328
1810329
1810330
1810331
1810332
1810333
1810334
1810486
1810487
1810488
1810489
1810490
1810491
1810492
1810493
1810494
1810495
1811035
1811036
1811037
1811038
1811039
1811040
1811041
1811042
1811194
1811195
1811196
1811197
1811198
1811199
1811200
1811201
1811202
1811203
1811745
1811746
1811747
1811748
1811749
1811750
1811751
1811752
1811904
1811905
1811906
1811907
1811908
1811909
1811910
1811911
1811912
1812462
1812463
1812464
1812465
1812466
1812467
1812468
1812469
1812620
1812621
1812622
1812623
1812624
1812625
1812626
1812627
1812628
1812629
1813173
1813174
1813175
1813176
1813177
1813178
1813179
1813331
1813332
1813333
1813334
1813335
1813336
1813337
1813338
1813339
1813340
1813889
1813890
1813891
1813892
1813893
1813894
1813895
1814047
1814048
1814049
1814050
1814051
1814052
1814053
1814054
1814055
1814056
1814057
1814603
1814604
1814605
1814606
1814607
1814608
1814609
1814762
1814763
1814764
1814765
1814766
1814767
1814768
1814769
1814770
1815322
1815323
1815324
1815325
1815326
1815327
1815328
1815482
1815483
1815484
1815485
1815486
1815487
1815488
1816034
1816035
1816036
1816037
1816038
1816039
1816040
1816192
1816193
1816196
1816199
1816741
1816742
1816743
1816744
1816745
1816746
1816747
1816856
1817453
1817454
1817455
1817456
1817457
1817458
1817459
1817569
1817570
1818168
1818169
1818170
1818171
1818172
1818173
1818174
1818284
1818285
1818286
1818880
1818881
1818882
1818883
1818884
1818885
1818886
1818996
1818997
1818998
1819593
1819594
1819595
1819596
1819597
1819598
1819599
1819709
1819710
1819711
1820309
1820310
1820311
1820312
1820313
1820314
1820424
1820425
1820426
1821016
1821017
1821018
1821019
1821020
1821131
1821132
1821133
1821736
1821737
1821738
1821739
1821740
1821850
1821851
1821852
1822450
1822451
1822452
1822453
1822454
1822564
1822565
1822566
1823169
1823170
1823171
1823172
1823282
1823283
1823284
1823879
1823880
1823881
1823882
1823883
1823993
1823994
1823995
1824594
1824595
1824596
1824597
1824598
1824709
1824710
1825313
1825314
1825315
1825316
1825427
1825428
1826029
1826030
1826031
1826032
1826143
1826144
1826744
1826745
1826746
1827461
1827462
1827463
1827464
1828178
1828179
1828180
1828892
1828893
1828894
1829051
1829054
1829609
1829610
1829762
1829763
1829764
1829765
1829766
1829767
1829768
1829769
1829770
1829771
1830326
1830327
1830480
1830481
1830482
1830483
1830484
1830485
1830486
1830487
1831042
1831043
1831196
1831197
1831198
1831199
1831200
1831201
1831202
1831203
1831757
1831758
1831912
1831913
1831914
1831915
1831916
1831917
1831918
1831919
1832470
1832471
1832625
1832626
1832627
1832628
1832629
1832630
1832631
1832632
1833181
1833182
1833336
1833337
1833338
1833339
1833340
1833341
1833342
1833897
1834052
1834053
1834054
1834055
1834056
1834057
1834058
1834609
1834764
1834765
1834766
1834767
1834768
1834769
1834770
1834771
1835319
1835477
1835478
1835479
1835480
1835481
1835482
1835483
1835484
1836031
1836189
1836190
1836191
1836192
1836193
1836194
1836908
1836909
1836910
1836911
1836912
1836913
1836914
1837623
1837624
1837625
1837626
1837627
1837628
1837629
1838182
1838338
1838339
1838340
1838341
1838342
1838343
1838344
1838896
1839053
1839054
1839055
1839056
1839057
1839058
1839609
1839766
1839767
1839768
1839769
1839770
1839771
1840481
1840482
1840483
1840484
1840485
1840486
1840487
1841198
1841199
1841200
1841201
1841202
1841203
1841204
1841913
1841914
1841915
1841916
1841917
1841918
1842627
1842628
1842629
1842630
1842631
1842632
1842633
1843338
1843339
1843340
1843341
1843342
1843343
1843344
1844052
1844053
1844054
1844055
1844056
1844057
1844766
1844767
1844768
1844769
1844770
1844771
1844772
1845481
1845482
1845483
1845484
1845485
1845486
1846199
1846200
1846201
1846202
1846203
1846204
1846915
1846916
1846917
1846918
1846919
1846920
1847632
1847633
1847634
1847635
1847636
1848349
1848350
1848351
1848352
1848353
1849067
1849068
1849069
1849070
1849071
1849781
1849782
1849783
1849784
1849785
1850501
1850502
1850503
1850504
1850505
1851217
1851218
1851219
1851220
1851221
1851934
1851935
1851936
1851937
1851938
1852653
1852654
1852655
1852656
1853369
1853370
1853371
1853372
1853373
1854089
1854090
1854091
1854092
1854806
1854807
1854808
1854809
1855523
1855524
1855525
1855526
1856238
1856239
1856240
1856241
1856953
1856954
1856955
1856956
1857667
1857668
1857669
1857670
1858384
1858385
1858386
1858387
1859100
1859101
1859102
1859103
1859817
1859818
1859819
1860531
1860532
1860533
1861247
1861248
1861249
1861250
1861963
1861964
1861965
1862677
1862678
1862679
1863394
1863395
1864114
1864115
1864116
1864832
1864833
1864834
1864835
1865552
1865553
1865554
1865555
1866269
1866270
1866271
1866984
1866985
1866986
1867703
1867704
1867705
1868422
1868423
1868964
1869141
1869142
1869858
1869859
1869860
1870573
1870574
1870575
1871291
1872005
1872006
1872725
1873437
1873438
1874155
1874156
1874876
1875593
1875594
1876306
1877024
1877741
1879167
1879887
1880602
1881315
1882030
1882746
1884175
1962524
1963964
1964685
1966128
1966848
1967569
1967570
1968289
1969009
1969010
1969729
1969730
1999278
2005758
2007199
2007920
2008641
2008642
2009362
2009363
2010082
2010083
2010803
2010804
2011525
2012245
2012246
2012966
2013686
2013687
2014408
2014409
2015129
2015130
2015850
2015851
2016571
2016572
2017292
2017293
2017294
2018013
2018014
2018015
2018734
2018735
2018736
2019455
2019456
2019457
2019458
2020176
2020177
2020178
2020896
2020897
2020898
2020899
2021617
2021618
2021619
2021620
2022338
2022339
2022340
2022341
2022342
2023060
2023061
2023062
2023063
2023780
2023781
2023782
2023783
2023784
2024502
2024503
2024504
2024505
2025223
2025224
2025225
2025226
2025944
2025945
2025946
2025947
2025948
2026665
2026666
2026667
2026668
2026669
2027386
2027387
2027388
2027389
2028107
2028108
2028109
2028110
2028828
2028829
2028830
2028831
2028832
2029547
2029548
2029549
2029550
2029551
2030268
2030269
2030270
2030271
2030272
2030989
2030990
2030991
2030992
2030993
2031710
2031711
2031712
2031713
2031714
2032431
2032432
2032433
2032434
2032435
2032436
2033152
2033153
2033154
2033155
2033156
2033157
2033873
2033874
2033875
2033876
2033877
2033878
2034592
2034593
2034594
2034595
2034596
2034597
2035313
2035314
2035315
2035316
2035317
2035318
2036034
2036035
2036036
2036037
2036038
2036039
2036040
2036755
2036756
2036757
2036758
2036759
2036760
2037476
2037477
2037478
2037479
2037480
2037481
2037482
2038198
2038199
2038200
2038201
2038202
2038203
2038204
2038919
2038920
2038921
2038922
2038923
2038924
2039645
2039646
2039647
2040371
2040372
2040373
2040374
2041099
2041100
2041101
2067659
2067660
2067661
2067662
2068380
2068381
2068382
2068383
2069101
2069102
2069103
2069104
2069822
2069823
2069824
2069825
2070543
2070544
2070545
2070546
2070547
2071264
2071265
2071266
2071267
2071268
2071985
2071986
2071987
2071988
2071989
2072706
2072707
2072708
2072709
2072710
2073427
2073428
2073429
2073430
2073431
2074148
2074149
2074150
2074151
2074152
2074869
2074870
2074871
2074872
2074873
2075590
2075591
2075592
2075593
2075594
2076311
2076312
2076313
2076314
2076315
2077032
2077033
2077034
2077035
2077036
2077753
2077754
2077755
2077756
2077757
2078474
2078475
2078476
2078477
2078478
2079195
2079196
2079197
2079198
2079199
2079916
2079917
2079918
2079919
2079920
2080637
2080638
2080639
2080640
2080641
2081358
2081359
2081360
2081361
2081362
2082079
2082080
2082081
2082082
2082083
2082800
2082801
2082802
2082803
2082804
2083521
2083522
2083523
2083524
2083525
2084242
2084243
2084244
2084245
2084246
2084963
2084964
2084965
2084966
2084967
2085681
2085682
2085683
2085684
2085685
2086402
2086403
2086404
2086405
2086406
2087123
2087124
2087125
2087126
2087127
2087128
2087843
2087844
2087845
2087846
2087847
2087848
2087849
2088565
2088566
2088567
2088568
2088569
2088570
2089285
2089286
2089287
2089288
2089289
2089290
2089291
2090006
2090007
2090008
2090009
2090010
2090011
2090012
2090727
2090728
2090729
2090730
2090731
2090732
2090733
2091448
2091449
2091450
2091451
2091452
2091453
2091454
2092169
2092170
2092171
2092172
2092173
2092174
2092175
2092890
2092891
2092892
2092893
2092894
2092895
2092896
2093611
2093612
2093613
2093614
2093615
2093616
2093617
2094332
2094333
2094334
2094335
2094336
2094337
2094338
2095053
2095054
2095055
2095056
2095057
2095058
2095059
2095774
2095775
2095776
2095777
2095778
2095779
2095780
2096495
2096496
2096497
2096498
2096499
2096500
2096501
2097216
2097217
2097218
2097219
2097220
2097221
2097222
2097937
2097938
2097939
2097940
2097941
2097942
2097943
2098658
2098659
2098660
2098661
2098662
2098663
2098664
2099379
2099380
2099381
2099382
2099383
2099384
2099385
2100100
2100101
2100102
2100103
2100104
2100105
2100106
2100821
2100822
2100823
2100824
2100825
2100826
2100827
2101543
2101544
2101545
2101546
2101547
2101548
2102263
2102264
2102265
2102266
2102267
2102268
2102984
2102985
2102986
2102987
2102988
2102989
2103705
2103706
2103707
2103708
2103709
2103710
2104426
2104427
2104428
2104429
2104430
2104431
2105146
2105147
2105148
2105149
2105150
2105151
2105867
2105868
2105869
2105870
2105871
2105872
2106588
2106589
2106590
2106591
2106592
2106593
2107309
2107310
2107311
2107312
2107313
2108030
2108031
2108032
2108033
2108034
2108751
2108752
2108753
2108754
2108755
2109472
2109473
2109474
2109475
2109476
2110193
2110194
2110195
2110196
2110197
2110914
2110915
2110916
2110917
2110918
2111635
2111636
2111637
2111638
2111639
2112356
2112357
2112358
2112359
2112360
2113077
2113078
2113079
2113080
2113081
2113798
2113799
2113800
2113801
2113802
2114519
2114520
2114521
2114522
2114523
2115240
2115241
2115242
2115243
2115244
2115961
2115962
2115963
2115964
2115965
2116683
2116684
2116685
2116686
2117404
2117405
2117406
2117407
2118125
2118126
2118127
2118128
2118846
2118847
2118848
2118849
2119567
2119568
2119569
2119570
2120288
2120289
2120290
2120291
2121009
2121010
2121011
2121012
2121730
2121731
2121732
2121733
2122451
2122452
2122453
2122454
2123172
2123173
2123174
2123175
2123893
2123894
2123895
2123896
2124614
2124615
2124616
2124617
2125335
2125336
2125337
2125338
2126056
2126057
2126058
2126059
2126777
2126778
2126779
2126780
2127498
2127499
2127500
2127501
2128219
2128220
2128221
2128940
2128941
2128942
2129661
2129662
2129663
2130382
2130383
2130384
2131103
2131104
2131105
2131824
2131825
2131826
2132545
2132546
2132547
2133266
2133267
2133268
2133987
2133988
2133989
2134708
2134709
2134710
2135429
2135430
2135431
2136150
2136151
2136152
2136871
2136872
2136873
2137592
2137593
2137594
2138313
2138314
2138315
2139034
2139035
2139036
2139755
2139756
2139757
2140477
2140478
2141198
2141199
2141918
2141919
2142639
2142640
2143358
2143359
2144075
2144076
2144794
2144795
2145512
2145513
2146228
2146229
2146943
2146944
2147659
2147660
2148379
2148380
2149097
2149098
2149812
2149813
2150533
2150534
2151249
2151250
2151966
2151967
2152685
2153404
2154123
2154842
2155558
2156276
2156995
2157711
2158428
2159145
2159863
2160583
2161302
2162021
2162735
2163450
2164166
2164886
2165602
2166321
2167747
2168462
2169178
2169895
2170612
2179225
2179943
2180659
2207911
2208631
2208632
2209347
2209348
2210065
2210066
2215798
2215799
2216514
2216515
2216516
2217236
2222889
2222972
2223603
2223687
2223688
2223689
2224322
2224406
2224407
2224408
2225039
2225759
2227191
2230147
2230865
2230866
2230867
2230868
2231581
2231582
2231583
2231584
2234531
2235964
2235965
2235968
2235969
2236688
2236689
2238034
2238035
2238036
2238754
2238755
2238756
2243154
2243155
2244500
2245219
2245220
2245221
2245222
2245223
2257408
2306006
2306719
2306720
2307431
2308139
2308140
2308856
2308858
2309575
2309576
2309587
2333290
2334004
2334005
2334006
2334722
2334723
2334724
2334725
2334726
2335435
2335436
2335437
2335438
2335439
2335440
2335441
2335442
2336144
2336145
2336146
2336147
2336148
2336149
2336150
2336151
2336152
2336153
2336154
2336856
2336857
2336858
2336859
2336860
2336861
2336862
2336863
2336864
2336865
2336866
2336867
2336868
2336869
2337572
2337573
2337574
2337575
2337576
2337577
2337578
2337579
2337580
2337581
2337582
2337583
2337584
2337585
2337586
2337587
2337588
2337589
2338284
2338285
2338286
2338287
2338288
2338289
2338290
2338291
2338292
2338293
2338294
2338295
2338296
2338297
2338298
2338299
2338300
2338301
2338302
2338995
2338996
2338997
2338998
2338999
2339000
2339001
2339002
2339003
2339004
2339005
2339006
2339007
2339008
2339009
2339010
2339011
2339012
2339013
2339658
2339714
2339715
2339716
2339717
2339718
2339719
2339720
2339721
2339722
2339723
2339724
2339725
2339726
2339727
2339728
2339729
2339730
2339731
2339732
2340373
2340374
2340375
2340376
2340377
2340430
2340431
2340432
2340433
2340434
2340435
2340436
2340437
2340438
2340439
2340440
2340441
2340442
2340443
2340444
2340445
2340446
2340447
2341089
2341090
2341091
2341144
2341145
2341146
2341147
2341148
2341149
2341150
2341151
2341152
2341153
2341154
2341155
2341156
2341157
2341158
2341159
2341806
2341859
2341860
2341861
2341862
2341863
2341864
2341865
2341866
2341867
2341868
2341869
2341870
2341871
2341872
2341873
2341874
2342570
2342571
2342572
2342573
2342574
2342575
2342576
2342577
2342578
2342579
2342580
2342581
2342582
2342583
2342584
2342585
2342586
2343147
2343148
2343149
2343150
2343151
2343279
2343280
2343281
2343282
2343283
2343284
2343285
2343286
2343287
2343288
2343289
2343290
2343291
2343292
2343293
2343294
2343295
2343296
2343862
2343863
2343864
2343865
2343993
2343994
2343995
2343996
2343997
2343998
2343999
2344000
2344001
2344002
2344003
2344004
2344005
2344006
2344007
2344008
2344009
2344010
2344565
2344569
2344570
2344571
2344572
2344700
2344701
2344702
2344703
2344704
2344705
2344706
2344707
2344708
2344709
2344710
2344711
2344712
2344713
2344714
2344715
2344716
2344717
2345277
2345278
2345279
2345280
2345281
2345409
2345410
2345411
2345412
2345413
2345414
2345415
2345416
2345417
2345418
2345419
2345420
2345421
2345422
2345423
2345424
2345425
2345426
2345427
2345986
2345987
2345988
2345989
2345990
2345991
2346119
2346120
2346121
2346122
2346123
2346124
2346125
2346126
2346127
2346128
2346129
2346130
2346131
2346132
2346133
2346134
2346135
2346136
2346137
2346695
2346696
2346697
2346698
2346699
2346700
2346773
2346774
2346828
2346829
2346830
2346831
2346832
2346833
2346834
2346835
2346836
2346837
2346838
2346839
2346840
2346841
2346842
2346843
2346844
2346845
2346846
2347408
2347409
2347540
2347541
2347542
2347543
2347544
2347545
2347546
2347547
2347548
2347549
2347550
2347551
2347552
2347553
2347554
2347555
2347556
2347557
2347558
2348118
2348119
2348120
2348121
2348249
2348250
2348251
2348252
2348253
2348254
2348255
2348256
2348257
2348258
2348259
2348260
2348261
2348262
2348263
2348264
2348265
2348266
2348267
2348268
2348965
2348966
2348967
2348968
2348969
2348970
2348971
2348972
2348973
2348974
2348975
2348976
2348977
2348978
2348979
2348980
2348981
2348982
2348983
2349682
2349683
2349684
2349685
2349686
2349687
2349688
2349689
2349690
2349691
2349692
2349693
2349694
2349695
2349696
2349697
2349698
2349699
2350395
2350396
2350397
2350398
2350399
2350400
2350401
2350402
2350403
2350404
2350405
2350406
2350407
2350408
2350409
2350410
2350411
2350412
2351119
2351120
2351121
2351122
2351123
2351124
2351125
2351126
2351127
2351128
2351129
2351130
2351835
2351836
2351837
2351838
2351839
2351840
2351841
2351842
2351843
2351844
2352484
2352485
2352486
2352549
2352550
2352551
2352552
2352553
2352554
2352555
2353200
2353262
2353263
2353264
2353265
2353266
2353267
2353268
2353269
2353982
2353987
2353988
2354695
2354702
2356124
2356125
2356837
2357483
2357484
2357485
2357486
2357551
2358196
2358197
2358198
2358199
2358263
2358908
2358972
2358973
2361116
2363187
2363188
2363189
2363255
2363256
2363896
2363897
2363898
2363899
2363964
2363965
2364613
2364614
2364615
2364616
2364681
2364682
2369603
2369604
2369605
2370313
2370314
2370315
2370316
2370317
2371028
2371029
2371030
2373234
2373235
2374657
2374658
2375369
2375370
2376733
2382442
2382443
2382444
2383156
2383157
2383158
2383159
2383865
2383866
2383867
2383868
2384579
2384580
2388058
2388860
2388861
2389573
2389574
2389575
2389576
2390287
2390288
2390289
2390290
2390915
2390916
2390917
2391006
2391007
2391633
2391634
2392348
2392349
2392350
2393050
2393051
2393052
2393762
2393763
2393764
2393765
2394479
2394480
2394481
2395187
2395188
2395189
2395895
2395896
2395897
2395898
2395899
2395982
2395983
2395984
2396612
2396613
2396614
2396615
2396616
2396697
2396698
2396699
2397327
2397328
2397329
2397330
2397331
2397332
2397412
2397413
2397414
2398039
2398040
2398041
2398042
2398043
2398123
2398124
2398755
2398756
2398757
2398758
2399466
2399467
2399468
2400182
2400183
2400184
2400901
2400902
2401609
2401610
2402326
2402474
2402475
2403040
2403120
2403121
2403751
2403752
2403831
2403832
2403833
2404462
2404463
2404495
2404542
2404543
2404544
2405175
2405177
2405178
2405209
2405927
2406607
2406640
2407300
2407301
2407302
2407303
2407304
2407322
2407323
2408006
2408007
2408008
2408009
2408010
2408011
2408012
2408030
2408720
2408721
2408722
2408723
2408724
2408725
2408741
2408743
2408744
2409432
2409433
2409434
2409435
2409436
2409437
2409438
2409439
2409440
2409441
2409454
2409457
2410139
2410140
2410141
2410142
2410143
2410144
2410145
2410146
2410147
2410148
2410149
2410150
2410160
2410163
2410164
2410194
2410848
2410849
2410850
2410851
2410852
2410853
2410854
2410855
2410856
2410857
2410858
2410859
2410860
2410861
2410869
2410873
2410903
2410950
2410951
2411565
2411566
2411567
2411568
2411569
2411570
2411571
2411572
2411573
2411574
2411575
2411576
2411577
2411578
2411579
2411589
2411619
2411666
2411667
2411668
2412278
2412279
2412280
2412281
2412282
2412283
2412284
2412285
2412286
2412287
2412288
2412289
2412290
2412291
2412292
2412293
2412294
2412301
2412302
2412331
2412378
2412379
2412380
2412988
2412989
2412990
2412991
2412992
2412993
2412994
2412995
2412996
2412997
2412998
2412999
2413000
2413001
2413002
2413003
2413004
2413005
2413006
2413010
2413011
2413040
2413087
2413088
2413089
2413705
2413706
2413707
2413708
2413709
2413710
2413711
2413712
2413713
2413714
2413715
2413716
2413720
2413721
2413722
2413723
2413726
2413727
2413756
2414418
2414419
2414420
2414421
2414422
2414423
2414424
2414425
2414426
2414427
2414436
2414437
2414438
2414439
2414440
2414468
2415136
2415137
2415138
2415139
2415140
2415141
2415142
2415155
2415183
2415851
2415852
2415853
2415854
2415855
2415896
2416558
2416559
2416560
2416561
2416562
2416602
2417276
2417277
2417278
2417318
2417992
2417993
2417994
2418033
2418078
2418697
2418698
2418699
2418736
2418781
2419405
2419406
2419407
2419443
2419487
2420117
2420118
2420152
2420197
2420831
2420832
2420876
2421546
2421578
2421586
2422255
2422286
2422294
2422295
2422963
2422992
2423676
2423705
2426512
2427231
2427270
2428081
2429461
2429462
2430172
2430173
2430885
2430886
2431601
2431602
2431603
2431651
2431652
2432320
2432321
2432322
2432369
2432370
2432371
2432971
2433029
2433030
2433031
2433078
2433079
2433080
2433081
2433686
2433743
2433744
2433745
2433792
2433793
2433794
2433795
2434391
2434398
2434445
2434446
2434447
2434494
2434495
2434496
2434497
2434498
2435104
2435105
2435106
2435151
2435152
2435153
2435200
2435201
2435202
2435203
2435204
2435810
2435811
2435812
2435856
2435857
2435858
2435905
2435906
2435907
2435908
2435909
2436515
2436516
2436517
2436603
2436604
2436605
2436606
2436607
2437169
2437212
2437213
2437214
2437215
2437296
2437297
2437298
2437299
2437300
2437861
2437862
2437907
2437908
2437909
2437989
2437990
2437991
2437992
2437993
2438556
2438557
2438602
2438603
2438663
2438664
2438680
2438681
2438682
2438683
2438684
2439248
2439296
2439297
2439354
2439355
2439356
2439357
2439372
2439373
2439374
2439375
2439376
2439938
2439939
2439940
2439988
2439989
2440046
2440047
2440048
2440049
2440050
2440065
2440066
2440067
2440068
2440069
2440628
2440629
2440630
2440631
2440632
2440679
2440680
2440734
2440735
2440736
2440737
2440738
2440739
2440740
2440753
2440754
2440755
2440756
2440757
2441319
2441320
2441321
2441322
2441323
2441324
2441325
2441425
2441426
2441427
2441428
2441429
2441430
2441431
2441444
2441445
2441446
2441447
2441448
2442002
2442003
2442004
2442005
2442006
2442007
2442008
2442009
2442115
2442116
2442117
2442118
2442119
2442120
2442121
2442122
2442135
2442136
2442137
2442138
2442139
2442694
2442695
2442696
2442697
2442698
2442699
2442700
2442701
2442702
2442810
2442811
2442812
2442813
2442814
2442815
2442816
2442817
2442818
2442831
2442832
2442833
2442834
2442835
2443389
2443390
2443391
2443392
2443393
2443394
2443395
2443398
2443399
2443400
2443401
2443402
2443494
2443495
2443496
2443503
2443515
2443516
2443517
2443518
2443519
2443520
2443521
2443522
2443535
2443536
2443537
2443538
2443539
2444084
2444085
2444087
2444088
2444089
2444090
2444093
2444189
2444190
2444191
2444192
2444202
2444214
2444215
2444216
2444217
2444218
2444219
2444220
2444221
2444234
2444235
2444236
2444237
2444238
2444791
2444792
2444793
2444794
2444795
2444796
2444797
2444799
2444800
2444801
2444802
2444895
2444896
2444897
2444898
2444899
2444912
2444924
2444925
2444926
2444927
2444928
2444929
2444930
2444931
2444944
2444945
2444946
2444947
2444948
2445502
2445503
2445504
2445505
2445506
2445507
2445508
2445509
2445605
2445606
2445607
2445608
2445623
2445635
2445636
2445637
2445638
2445639
2445640
2445641
2445642
2445655
2445656
2445657
2445658
2446212
2446213
2446215
2446216
2446217
2446218
2446219
2446313
2446314
2446315
2446316
2446317
2446335
2446347
2446348
2446349
2446350
2446351
2446352
2446353
2446354
2446357
2446367
2446368
2446369
2446370
2446371
2446934
2446935
2447030
2447031
2447032
2447033
2447051
2447063
2447064
2447065
2447066
2447067
2447068
2447069
2447070
2447071
2447072
2447073
2447083
2447084
2447085
2447086
2447643
2447644
2447741
2447742
2447761
2447773
2447774
2447775
2447776
2447777
2447778
2447779
2447780
2447782
2447783
2447784
2447793
2447794
2447795
2447796
2448354
2448355
2448356
2448471
2448482
2448483
2448484
2448485
2448486
2448489
2448490
2448492
2448493
2448503
2448504
2448505
2448506
2449061
2449062
2449178
2449179
2449188
2449189
2449190
2449191
2449192
2449193
2449196
2449197
2449199
2449200
2449210
2449211
2449212
2449213
2449772
2449777
2449778
2449779
2449780
2449781
2449886
2449896
2449897
2449898
2449899
2449900
2449907
2449908
2449918
2449919
2449920
2449921
2450491
2450492
2450493
2450599
2450600
2450609
2450610
2450611
2450612
2450613
2450620
2450621
2450631
2450632
2450633
2450634
2450635
2451198
2451199
2451205
2451206
2451207
2451208
2451246
2451312
2451313
2451322
2451323
2451324
2451325
2451326
2451345
2451346
2451347
2451882
2451914
2451915
2451920
2451921
2451959
2452025
2452026
2452035
2452036
2452037
2452038
2452039
2452043
2452044
2452045
2452046
2452059
2452060
2452625
2452629
2452663
2452668
2452732
2452742
2452743
2452744
2452745
2452751
2452752
2452753
2452754
2452766
2452767
2453336
2453337
2453447
2453457
2453458
2453459
2453460
2453467
2453480
2453481
2453482
2454049
2454050
2454085
2454156
2454157
2454166
2454167
2454168
2454169
2454190
2454191
2454839
2454862
2454863
2454871
2454872
2454873
2454874
2454875
2454885
2454896
2454897
2455573
2455574
2455583
2455584
2455585
2455606
2455607
2455608
2456283
2456292
2456293
2456294
2456295
2456316
2456317
2456318
2456848
2456973
2456974
2456991
2457000
2457001
2457002
2457003
2457009
2457024
2457025
2457026
2457684
2457685
2457702
2457711
2457712
2457713
2457714
2457734
2457735
2457736
2457737
2458347
2458398
2458399
2458400
2458416
2458426
2458427
2458428
2458439
2458448
2458449
2458450
2458451
2459112
2459113
2459114
2459129
2459138
2459139
2459140
2459152
2459161
2459162
2459163
2459164
2459827
2459828
2459839
2459848
2459849
2459850
2459871
2459872
2459873
2460529
2460530
2460542
2460551
2460576
2461236
2461237
2461250
2461269
2461282
2461283
2461284
2461955
2461974
2461987
2461988
2461989
2461990
2462519
2462662
2462694
2462695
2462696
2462697
2463223
2463295
2463390
2463399
2463400
2463401
2464007
2464103
2464104
2464114
2464719
2464720
2464815
2464816
2464826
2465427
2465431
2465524
2465532
2465533
2465534
2466064
2466065
2466066
2466137
2466138
2466234
2466235
2466244
2466853
2466854
2466949
2466950
2466951
2466960
2467491
2467662
2467663
2467664
2467665
2468198
2468199
2468200
2468201
2468202
2468376
2468377
2468384
2468385
2468914
2468915
2468916
2469099
2469100
2469750
2470457
2470508
2471175
2471225
2471890
2471949
2471950
2472475
2472476
2472477
2472478
2472479
2472480
2473187
2473188
2473189
2473190
2473191
2473192
2473196
2473197
2473198
2473201
2473375
2473905
2473906
2473907
2473908
2473909
2473920
2473921
2474093
2474621
2474622
2474623
2474624
2474809
2475334
2475335
2475336
2476042
2476043
2476044
2476045
2476231
2476760
2476761
2476762
2476763
2476889
2477467
2477468
2477469
2477470
2478179
2478180
2478181
2478182
2478893
2478894
2479605
2479606
2479607
2480320
2480321
2480322
2481030
2481031
2481032
2481741
2481742
2482455
2482456
2483168
2483880
2484593
2486017
2486727
2486728
2681417
