Sample Indices
Indices Size:
2627
Data:
34983
1658586
1658587
1659299
1659300
1660011
1660012
1660724
1660725
1661437
1661438
1662147
1662148
1662862
1662863
1663568
1663569
1666480
1668610
1669316
1670023
1671433
1674967
1675675
1681390
1681391
1681392
1681393
1682105
1682106
1682107
1682108
1682814
1682815
1682816
1682817
1682818
1682819
1683522
1683523
1683524
1683525
1683526
1683527
1684234
1684235
1684236
1684237
1684238
1684239
1684953
1684954
1684955
1684956
1684957
1684958
1685666
1685667
1685668
1685669
1685670
1685671
1686376
1686377
1686378
1686379
1686380
1686381
1687093
1687094
1687095
1687096
1687097
1687098
1687803
1687804
1687805
1687806
1687807
1687808
1688521
1688522
1688523
1688524
1688525
1688526
1689233
1689234
1689235
1689236
1689237
1689238
1689947
1689948
1689949
1689950
1689951
1689952
1690663
1690664
1690665
1690666
1690667
1690668
1690697
1691372
1691373
1691374
1691375
1691376
1691377
1692085
1692086
1692087
1692088
1692089
1692090
1692804
1692805
1692806
1692807
1692808
1692809
1693517
1693518
1693519
1693520
1693521
1693522
1693523
1694232
1694233
1694234
1694235
1694236
1694237
1694238
1694948
1694949
1694950
1694951
1694952
1694953
1694988
1695660
1695661
1695662
1695663
1695664
1695665
1696367
1696368
1696369
1696370
1696371
1696372
1696407
1696408
1697024
1697081
1697082
1697083
1697084
1697085
1697086
1697121
1697122
1697733
1697790
1697791
1697792
1697793
1697794
1697795
1698446
1698503
1698504
1698505
1698506
1698507
1698508
1699162
1699219
1699220
1699221
1699222
1699223
1699224
1699876
1699933
1699934
1699935
1699936
1699937
1699938
1700592
1700649
1700650
1700651
1700652
1700653
1700654
1700655
1701306
1701363
1701364
1701365
1701366
1701367
1701368
1701369
1702022
1702079
1702080
1702081
1702082
1702083
1702084
1702085
1702736
1702794
1702795
1702796
1702797
1702798
1702799
1703495
1703500
1703501
1703502
1703503
1703504
1703505
1704203
1704208
1704209
1704210
1704211
1704212
1704213
1704909
1704910
1704914
1704915
1704916
1704917
1704918
1705619
1705620
1705623
1705624
1705625
1705626
1706338
1706339
1706341
1706342
1706343
1707051
1707053
1707054
1707057
1707058
1707754
1707756
1707757
1707760
1707761
1708457
1708458
1708461
1708462
1709173
1709174
1709177
1709178
1709884
1709885
1709886
1709888
1709889
1710595
1710597
1710598
1710599
1710601
1710602
1711310
1711311
1711312
1711313
1711314
1711316
1712018
1712019
1712020
1712021
1712022
1712024
1712025
1712740
1712741
1712742
1712743
1713446
1713447
1713448
1714159
1714160
1714161
1714872
1714873
1714874
1715586
1715587
1715588
1715593
1715594
1716298
1716299
1716304
1716305
1717006
1717010
1717011
1717012
1717017
1717726
1717727
1717733
1718439
1718441
1718442
1718443
1718444
1718449
1718450
1719151
1719153
1719154
1719155
1719156
1719161
1719162
1719865
1719867
1719869
1719870
1719875
1719876
1720575
1720576
1720577
1720578
1720579
1720580
1720585
1720586
1721287
1721288
1721290
1721291
1721295
1721296
1722006
1722009
1722010
1722014
1722015
1722717
1722720
1722721
1722722
1722723
1722724
1722725
1722726
1723431
1723432
1723433
1723434
1723435
1723436
1724145
1724146
1724147
1724148
1724149
1724150
1724859
1724860
1724861
1724862
1724863
1724864
1725567
1725568
1725569
1725570
1725571
1725572
1726278
1726279
1726280
1726281
1726282
1726283
1726991
1726992
1726993
1726994
1726995
1727700
1727708
1727709
1728412
1728420
1728421
1729125
1729133
1729134
1729835
1729843
1729844
1730549
1730550
1730557
1730558
1731260
1731261
1731268
1731269
1731981
1731988
1731989
1732700
1732707
1732708
1733419
1733427
1734134
1734135
1734142
1734844
1736998
1737712
1738426
1738427
1739141
1739142
1739853
1739854
1739855
1740568
1740569
1741281
1741282
1741284
1741995
1741996
1741997
1741998
1742707
1742708
1742709
1742710
1742711
1743414
1743415
1743416
1743417
1744120
1744832
1745540
1746249
1746251
1746968
1746969
1746970
1747682
1747683
1747684
1748395
1748396
1748397
1749110
1749111
1749112
1749819
1749820
1749821
1750539
1750540
1750541
1750542
1751253
1751254
1751255
1751256
1751969
1751970
1751971
1751972
1751973
1752684
1752685
1752686
1752687
1753398
1753399
1753400
1753401
1754107
1754108
1754109
1754110
1754819
1754820
1754821
1754822
1755532
1755533
1755534
1755535
1756181
1756246
1756247
1756248
1756249
1756250
1756895
1756961
1756962
1756963
1756964
1757607
1757608
1757674
1757675
1757676
1757677
1757678
1758323
1758324
1758391
1758392
1758393
1758394
1759038
1759039
1759106
1759107
1759108
1759109
1759754
1759755
1759822
1759823
1759824
1759825
1760462
1760463
1760530
1760531
1760532
1760533
1761177
1761244
1761245
1761246
1761247
1761889
1761890
1761956
1761957
1761958
1761959
1762602
1762603
1762670
1762671
1762672
1763307
1763308
1763375
1763376
1763377
1764024
1764025
1764092
1764093
1764094
1764738
1764739
1764806
1764807
1764808
1765446
1765447
1765514
1765515
1765516
1766156
1766157
1766224
1766225
1766226
1766866
1766935
1766936
1767575
1767644
1767645
1768285
1768354
1768355
1768359
1768997
1769066
1769067
1769071
1769712
1769781
1769782
1769786
1770426
1770495
1770496
1770500
1771137
1771207
1771211
1771212
1771851
1771921
1771925
1771926
1772635
1772639
1772640
1772641
1772642
1772643
1773349
1773353
1773354
1773355
1773356
1773357
1773358
1773359
1774068
1774069
1774070
1774071
1774072
1774073
1774074
1774780
1774781
1774782
1774783
1774784
1774785
1774786
1774787
1775492
1775493
1775494
1775495
1775496
1775497
1775498
1775499
1776207
1776208
1776209
1776210
1776211
1776212
1776213
1776919
1776920
1776921
1776922
1776923
1776924
1776925
1777633
1777634
1777635
1777636
1777637
1777638
1777639
1778344
1778345
1778346
1778347
1778348
1778349
1778350
1778351
1779053
1779054
1779055
1779056
1779057
1779058
1779059
1779060
1779771
1779772
1779773
1779774
1779775
1779776
1779777
1780484
1780485
1780486
1780487
1780488
1780489
1781192
1781193
1781194
1781195
1781196
1781197
1781910
1781911
1781912
1781913
1781914
1781915
1782625
1782626
1782627
1782628
1782629
1782630
1783339
1783340
1783341
1783342
1783343
1783344
1784052
1784053
1784054
1784055
1784056
1784057
1784765
1784766
1784767
1784768
1784769
1784770
1784771
1785481
1785482
1785483
1785484
1785485
1785486
1785487
1786194
1786195
1786196
1786197
1786198
1786199
1786200
1786907
1786908
1786909
1786910
1786911
1786912
1786913
1787623
1787624
1787625
1787626
1787627
1787628
1788334
1788335
1788336
1788337
1788338
1788339
1788340
1789046
1789047
1789048
1789049
1789050
1789051
1789052
1789756
1789757
1789758
1789759
1789760
1789761
1789762
1790475
1790476
1790477
1790478
1790479
1790480
1790481
1791191
1791192
1791193
1791194
1791195
1791196
1791197
1791897
1791898
1791899
1791900
1791901
1791902
1791903
1792613
1792614
1792615
1792616
1792617
1792618
1792619
1793324
1793325
1793326
1793327
1793328
1793329
1793330
1794029
1794030
1794031
1794032
1794033
1794034
1794035
1794036
1794745
1794746
1794747
1794748
1794749
1794750
1794751
1794752
1795465
1795466
1795467
1795468
1795469
1795470
1795471
1796181
1796182
1796183
1796184
1796185
1796186
1796187
1796892
1796893
1796894
1796895
1796896
1796897
1796898
1797603
1797604
1797605
1797606
1797607
1797608
1797609
1798316
1798317
1798318
1798319
1798320
1798321
1798322
1799034
1799035
1799036
1799037
1799038
1799039
1799040
1799747
1799748
1799749
1799750
1799751
1799752
1799753
1800462
1800463
1800464
1800465
1800466
1800467
1800468
1801228
1801230
1801238
1804090
1804808
1805525
1810539
1811957
1812669
1812670
1813371
1813372
1813373
1813374
1813375
1813376
1814801
1816188
1816189
1816190
1816191
1816894
1816895
1816896
1816897
1816898
1816899
1816900
1817607
1817608
1817609
1817610
1817611
1817612
1818322
1818323
1818324
1818325
1818326
1818327
1819034
1819035
1819036
1819037
1819038
1819039
1819747
1819748
1819749
1819750
1819751
1819752
1819753
1820462
1820463
1820464
1820465
1820466
1820467
1820468
1821170
1821171
1821172
1821173
1821174
1821175
1821889
1821890
1821891
1821892
1821893
1821894
1822603
1822604
1822605
1822606
1822607
1822608
1823321
1823322
1823323
1823324
1823325
1823326
1824032
1824033
1824034
1824035
1824036
1824037
1824038
1824747
1824748
1824749
1824750
1824751
1824752
1824753
1825465
1825466
1825467
1825468
1825469
1825470
1825471
1826181
1826182
1826183
1826184
1826185
1826186
1826187
1826895
1826896
1826897
1826898
1826899
1826900
1826901
1827613
1827614
1827615
1827616
1827617
1827618
1828331
1828332
1828333
1828334
1828335
1829049
1829050
1830521
1830522
1831240
1831956
1831957
1831958
1832670
1832671
1832672
1833382
1833383
1833384
1834099
1834100
1834101
1834818
1835529
1837673
1838388
1838389
1839816
1840531
1841248
1841962
1842676
1842677
1843388
1844101
1844815
1844816
1845529
1845530
1846964
1847681
1849116
1849830
1850549
1851265
1851982
1852701
1853417
1854853
1856999
1857000
1858431
1919913
1922796
1925667
1927826
1928546
1931425
1932146
1932864
1933585
1934305
1935023
1935743
1936463
1937182
1937183
1937900
1937901
1938621
1938622
1939341
1939342
1940061
1940782
1941503
1942223
1942944
1943665
1944385
1944386
1945104
1945105
1945825
1945826
1946545
1946546
1947265
1947266
1947986
1947987
1948706
1948707
1949426
1949427
1950145
1950146
1950863
1950864
1951583
1951584
1951585
1952304
1952305
1952306
1953025
1953026
1953027
1953742
1953743
1953744
1954462
1954463
1954464
1955183
1955184
1955904
1955905
1956624
1956625
1957344
1957345
1958063
1958064
1958780
1958781
1958782
1959499
1959500
1960218
1960219
1960220
1960939
1960940
1960941
1961659
1961660
1961661
1962378
1962379
1962380
1963097
1963098
1963099
1963818
1963819
1963820
1964539
1964540
1964541
1965260
1965261
1965262
1965981
1965982
1965983
1966701
1966702
1966703
1967422
1967423
1967424
1968142
1968143
1968144
1968862
1968863
1968864
1969583
1969584
1969585
1970304
1970305
1970306
1971025
1971026
1971746
1971747
1971748
1972467
1972468
1972469
1973187
1973188
1973189
1973908
1973909
1974628
1974629
1975349
1975350
1976070
1976071
1976791
1976792
1977512
1977513
1978232
1978233
1978953
1978954
1979674
1979675
1980395
1980396
1981116
1981117
1981836
1981837
1982557
1982558
1983278
1983279
1983999
1984000
1984720
1984721
1985441
1985442
1986162
1986163
1986883
1986884
1987602
1987603
1988215
1988323
1988324
1989044
1989045
1989765
1990486
1991207
1991208
1991928
1992649
1993370
1994091
1994812
1995533
1996254
1996974
1997695
1998416
1999137
1999858
2000578
2001299
2002020
2002740
2003460
2004179
2004900
2005618
2006338
2007059
2007780
2008501
2073483
2074203
2074204
2074924
2074925
2075645
2075646
2076366
2076367
2077087
2077088
2077808
2078529
2079250
2079971
2080692
2081413
2082134
2082854
2082855
2083575
2083576
2084296
2084297
2085017
2085018
2085735
2085736
2086456
2086457
2087177
2087178
2087898
2087899
2088619
2088620
2089340
2089341
2090061
2090062
2090574
2090575
2090782
2090783
2091503
2091504
2092017
2092224
2092225
2092738
2092739
2092945
2092946
2093666
2093667
2094387
2094388
2095107
2095108
2095109
2095620
2095621
2095622
2095623
2095828
2095829
2095830
2096342
2096343
2096344
2096549
2096550
2096551
2097063
2097064
2097270
2097271
2097272
2097785
2097786
2097991
2097992
2097993
2098507
2098712
2098713
2099227
2099228
2099229
2099433
2099434
2099435
2099947
2099948
2099949
2100155
2100156
2100668
2100669
2100670
2100876
2100877
2101388
2101389
2101390
2101597
2101598
2102110
2102111
2102112
2102316
2102317
2102318
2102829
2102830
2102832
2102833
2103037
2103038
2103039
2103554
2103758
2103759
2103760
2104272
2104273
2104274
2104275
2104479
2104480
2104481
2104993
2104994
2104995
2105198
2105199
2105200
2105201
2105714
2105715
2105716
2105717
2105718
2105919
2105920
2105921
2105922
2106434
2106435
2106436
2106437
2106438
2106640
2106641
2106642
2106643
2107155
2107156
2107157
2107158
2107159
2107160
2107361
2107362
2107363
2107364
2107877
2107878
2107879
2107880
2108082
2108083
2108084
2108085
2108596
2108597
2108598
2108599
2108600
2108601
2108602
2108803
2108804
2108805
2109317
2109318
2109319
2109320
2109321
2109322
2110040
2110041
2110042
2110043
2110044
2110761
2110762
2110763
2110764
2110765
2111481
2111482
2111483
2111484
2111485
2111486
2111487
2111488
2112202
2112203
2112204
2112205
2112206
2112207
2112923
2112924
2112925
2112926
2112927
2112928
2113644
2113645
2113646
2113647
2113648
2113649
2113650
2113651
2114365
2114366
2114367
2114368
2114369
2114370
2115086
2115087
2115088
2115089
2115090
2115091
2115092
2115808
2115809
2115810
2115811
2115812
2115813
2115814
2116527
2116528
2116529
2116530
2116531
2116532
2116533
2116535
2116536
2117248
2117249
2117250
2117251
2117252
2117253
2117254
2117255
2117970
2117971
2117972
2117973
2117974
2117975
2117976
2118691
2118692
2118693
2118694
2118695
2118696
2118697
2119413
2119414
2119415
2119416
2119417
2119418
2119419
2120133
2120134
2120135
2120136
2120137
2120138
2120139
2120855
2120856
2120857
2120858
2120859
2120860
2120861
2120862
2120863
2120864
2121576
2121577
2121578
2121579
2121580
2121581
2121582
2121583
2121585
2121586
2121587
2121588
2121590
2121591
2122296
2122297
2122298
2122299
2122300
2122301
2122302
2122303
2122304
2122305
2122306
2122307
2122308
2122309
2122310
2122311
2123018
2123019
2123020
2123021
2123022
2123023
2123024
2123025
2123026
2123027
2123028
2123029
2123030
2123031
2123738
2123739
2123740
2123741
2123742
2123743
2123744
2123745
2123746
2123747
2123748
2123749
2123750
2124460
2124461
2124462
2124463
2124464
2124465
2124466
2124467
2124468
2124469
2124470
2125181
2125182
2125183
2125184
2125185
2125186
2125187
2125188
2125189
2125190
2125902
2125903
2125904
2125905
2125906
2125907
2125908
2125909
2125910
2126622
2126623
2126624
2126625
2126626
2126627
2126628
2126629
2127343
2127344
2127345
2127346
2127347
2127348
2127349
2128064
2128065
2128066
2128067
2128068
2128069
2128786
2128787
2128788
2128789
2129507
2129508
2129509
2129510
2130228
2130948
2131669
2132389
2185717
2185718
2185719
2185720
2186433
2186434
2186435
2186436
2186437
2187150
2187151
2187152
2187153
2187154
2187871
2187872
2187873
2188591
2188592
2209392
2210109
2210110
2210111
2210826
2210827
2210828
2211543
2211544
2211545
2212262
2212263
2212264
2212977
2212978
2213693
2213694
2214409
2214410
2214411
2214412
2215127
2215128
2215129
2215130
2215131
2215132
2215133
2215842
2215843
2215844
2215845
2215846
2215847
2215848
2216558
2216559
2216560
2216561
2216562
2216563
2217278
2217279
2217280
2217281
2217282
2217283
2217992
2217993
2217994
2217995
2217996
2217997
2217998
2218709
2218710
2218711
2218712
2218713
2218714
2219426
2219427
2219428
2219431
2220143
2220144
2220861
2220862
2220865
2221575
2221576
2221577
2221578
2221579
2222294
2222295
2222296
2222297
2222298
2222299
2223014
2223015
2223016
2223017
2223018
2223019
2223729
2223730
2223731
2223732
2223733
2223734
2224448
2224449
2224450
2224451
2224452
2224453
2225166
2225167
2225168
2225169
2225170
2225171
2225887
2225888
2225889
2225890
2225891
2226604
2226605
2226608
2227320
2227321
2227324
2228039
2228040
2228755
2228756
2228757
2229473
2229474
2229475
2229476
2229477
2230190
2230191
2230192
2230193
2230194
2230908
2230909
2230910
2230911
2230912
2231623
2231624
2231625
2231626
2231627
2231628
2232338
2232339
2232340
2232341
2232342
2232343
2233054
2233055
2233056
2233057
2233058
2233059
2233769
2233770
2233771
2233772
2234488
2234489
2235202
2235203
2235919
2236639
2236640
2237359
2237360
2238078
2238079
2238796
2238797
2239513
2239514
2240232
2240233
2240950
2248845
2258159
2258874
2259591
2260309
2260310
2261025
2261026
2261744
2261745
2262461
2262462
2263176
2263177
2263887
2263888
2264604
2264605
2265320
2265321
2266039
2266040
2266754
2266755
2266756
2267473
2267474
2267475
2268190
2268908
2268909
2268910
2269624
2269625
2269626
2270339
2270340
2270341
2271054
2271055
2271056
2271057
2271771
2271772
2271773
2271774
2272485
2272486
2272487
2272488
2272489
2272490
2272491
2273203
2273206
2273207
2273208
2273209
2273210
2273917
2273918
2273919
2273920
2273921
2273922
2273923
2273924
2274635
2274636
2274637
2274638
2274639
2274640
2274641
2274642
2275354
2275355
2275356
2275357
2275358
2275359
2275360
2275361
2276070
2276071
2276072
2276073
2276074
2276075
2276076
2276077
2276784
2276786
2276787
2276788
2276789
2276790
2276791
2277502
2277503
2277504
2277505
2277506
2277507
2277508
2277509
2278220
2278221
2278222
2278223
2278224
2278225
2278226
2278227
2278940
2278941
2278942
2278943
2278944
2278945
2278946
2278947
2279653
2279654
2279655
2279656
2279657
2279658
2279659
2279660
2279661
2280370
2280371
2280372
2280373
2280374
2280375
2280376
2280377
2281084
2281085
2281086
2281087
2281088
2281089
2281090
2281091
2281801
2281802
2281803
2281804
2281805
2281806
2281807
2281808
2282519
2282520
2282521
2282522
2282523
2282524
2282525
2282526
2283240
2283241
2283242
2283243
2283244
2283245
2283246
2283956
2283957
2283958
2283959
2283960
2283961
2284671
2284672
2284673
2284674
2284675
2284676
2285385
2285386
2285387
2285388
2286102
2286103
2286104
2286105
2286819
2286820
2286821
2286822
2287538
2287539
2287540
2287541
2288248
2288249
2288250
2288251
2288965
2288966
2288967
2288968
2289683
2289684
2289685
2289686
2290401
2290402
2290403
2290404
2291112
2291113
2291114
2291115
2291828
2291829
2291830
2292545
2292546
2292547
2293260
2293261
2293262
2293977
2293978
2293979
2294692
2294693
2294694
2295405
2295406
2295407
2296120
2296121
2296122
2296839
2296840
2296841
2297555
2297556
2297557
2298269
2298270
2298271
2298985
2298986
2298987
2299696
2299697
2299698
2299699
2300413
2300414
2300415
2300416
2301127
2301128
2301129
2301130
2301131
2301841
2301842
2301843
2301844
2301845
2302560
2302561
2302562
2302563
2302564
2303278
2303279
2303280
2303281
2303282
2303994
2303995
2303996
2303997
2304713
2304714
2304715
2304716
2305421
2305422
2305423
2305424
2306132
2306133
2306134
2306135
2306845
2306847
2306848
2307558
2307559
2307561
2307562
2308266
2308267
2308269
2308270
2308983
2308984
2308986
2308987
2309701
2309704
2309705
2310407
2310408
2311119
2311120
2311835
2312542
2313256
2313973
2314690
2316116
2316837
2317553
2318272
2318988
2338873
2339591
2339592
2339594
2339740
2339741
2340305
2340306
2340307
2340308
2340454
2340455
2340456
2341016
2341017
2341018
2341019
2341020
2341021
2341168
2341169
2341170
2341729
2341730
2341731
2341732
2341733
2341734
2341735
2341736
2341883
2341884
2341885
2342439
2342440
2342441
2342443
2342444
2342445
2342446
2342447
2342593
2342594
2342595
2342596
2343153
2343154
2343155
2343156
2343157
2343302
2343303
2343304
2343305
2343867
2343868
2343869
2343870
2343871
2344016
2344017
2344018
2344019
2344574
2344575
2344576
2344577
2344578
2344666
2344724
2344725
2344726
2345282
2345284
2345285
2345286
2345287
2345433
2345434
2345435
2345992
2345993
2345994
2345995
2346143
2346144
2346145
2346701
2346702
2346852
2346853
2346854
2347410
2347411
2347412
2347564
2347565
2347566
2348274
2348275
2348276
2348989
2348990
2348991
2349705
2349706
2349707
2349708
2350418
2350419
2350420
2350421
2351136
2351137
2351138
2351849
2351850
2351851
2351852
2352560
2352561
2352562
2352563
2353273
2353274
2353275
2353993
2353994
2354704
2354706
2354707
2355419
2355420
2355421
2355422
2356136
2363913
2364630
2365340
2366050
2366769
2367485
2368193
2368908
2369620
2370330
2371043
2371757
2372471
2372472
2373182
2373183
2373891
2373892
2374605
2374606
2375317
2375318
2376029
2376030
2376746
2377465
2378179
2378894
2379606
2380320
2384538
2388823
2389536
2391017
2391684
2391734
2392399
2394578
2395235
2395284
2395945
2395994
2396617
2396660
2397375
2397423
2398085
2398133
2398759
2398800
2398848
2399469
2399470
2399471
2399511
2399559
2400185
2400186
2400187
2400188
2400227
2400228
2400276
2400903
2400904
2400905
2400945
2400993
2401611
2401612
2401613
2401652
2401653
2402327
2402328
2402329
2402368
2402369
2403041
2403042
2403043
2403082
2403083
2403084
2403753
2403754
2403793
2403794
2403795
2404464
2404465
2404504
2404505
2404506
2404552
2405218
2405219
2405220
2405266
2405936
2405937
2405938
2405984
2406649
2406650
2406651
2406697
2407364
2407365
2407366
2407412
2408071
2408072
2408073
2408119
2408784
2408785
2408786
2408832
2409497
2409498
2409499
2409545
2410203
2410204
2410205
2410206
2410251
2410913
2410914
2410915
2410960
2411629
2411630
2411631
2412341
2412342
2412343
2413051
2413717
2413718
2413719
2413767
2413768
2414428
2414429
2414430
2414432
2414433
2414434
2414435
2414479
2415143
2415144
2415193
2415194
2415856
2415857
2415907
2415908
2416563
2416613
2416614
2417279
2417280
2417329
2417995
2418045
2420833
2444203
2444913
2445624
2446304
2446336
2447020
2447052
2447730
2447762
2448440
2448472
2449887
2451245
2451949
2451958
2452662
2452667
2454082
2454786
2454789
2455498
2456206
2456209
2456914
2456916
2456917
2457624
2457626
2457627
2458341
2460469
2466140
2466141
2466856
2466857
2467569
2467570
2468275
2468282
2468283
2468989
2468996
2468997
2469707
2469708
2470406
2470407
2470414
2470415
2471124
2471125
2471839
2471840
2472551
2472552
2473264
2473265
2473272
2473982
2473983
2473990
2474706
2475419
2476128
2476845
2476846
2477552
2480404
2480405
2481113
2481114
2481823
2481824
2482536
2482537
2483248
2483249
2483959
2483960
Coefficient of the plane:
0.0769382 -0.0853666 0.993375 -0.73125
Inliers Indices
Indices Size:
2627
Data:
34983
1658586
1658587
1659299
1659300
1660011
1660012
1660724
1660725
1661437
1661438
1662147
1662148
1662862
1662863
1663568
1663569
1666480
1668610
1669316
1670023
1671433
1674967
1675675
1681390
1681391
1681392
1681393
1682105
1682106
1682107
1682108
1682814
1682815
1682816
1682817
1682818
1682819
1683522
1683523
1683524
1683525
1683526
1683527
1684234
1684235
1684236
1684237
1684238
1684239
1684953
1684954
1684955
1684956
1684957
1684958
1685666
1685667
1685668
1685669
1685670
1685671
1686376
1686377
1686378
1686379
1686380
1686381
1687093
1687094
1687095
1687096
1687097
1687098
1687803
1687804
1687805
1687806
1687807
1687808
1688521
1688522
1688523
1688524
1688525
1688526
1689233
1689234
1689235
1689236
1689237
1689238
1689947
1689948
1689949
1689950
1689951
1689952
1690663
1690664
1690665
1690666
1690667
1690668
1690697
1691372
1691373
1691374
1691375
1691376
1691377
1692085
1692086
1692087
1692088
1692089
1692090
1692804
1692805
1692806
1692807
1692808
1692809
1693517
1693518
1693519
1693520
1693521
1693522
1693523
1694232
1694233
1694234
1694235
1694236
1694237
1694238
1694948
1694949
1694950
1694951
1694952
1694953
1694988
1695660
1695661
1695662
1695663
1695664
1695665
1696367
1696368
1696369
1696370
1696371
1696372
1696407
1696408
1697024
1697081
1697082
1697083
1697084
1697085
1697086
1697121
1697122
1697733
1697790
1697791
1697792
1697793
1697794
1697795
1698446
1698503
1698504
1698505
1698506
1698507
1698508
1699162
1699219
1699220
1699221
1699222
1699223
1699224
1699876
1699933
1699934
1699935
1699936
1699937
1699938
1700592
1700649
1700650
1700651
1700652
1700653
1700654
1700655
1701306
1701363
1701364
1701365
1701366
1701367
1701368
1701369
1702022
1702079
1702080
1702081
1702082
1702083
1702084
1702085
1702736
1702794
1702795
1702796
1702797
1702798
1702799
1703495
1703500
1703501
1703502
1703503
1703504
1703505
1704203
1704208
1704209
1704210
1704211
1704212
1704213
1704909
1704910
1704914
1704915
1704916
1704917
1704918
1705619
1705620
1705623
1705624
1705625
1705626
1706338
1706339
1706341
1706342
1706343
1707051
1707053
1707054
1707057
1707058
1707754
1707756
1707757
1707760
1707761
1708457
1708458
1708461
1708462
1709173
1709174
1709177
1709178
1709884
1709885
1709886
1709888
1709889
1710595
1710597
1710598
1710599
1710601
1710602
1711310
1711311
1711312
1711313
1711314
1711316
1712018
1712019
1712020
1712021
1712022
1712024
1712025
1712740
1712741
1712742
1712743
1713446
1713447
1713448
1714159
1714160
1714161
1714872
1714873
1714874
1715586
1715587
1715588
1715593
1715594
1716298
1716299
1716304
1716305
1717006
1717010
1717011
1717012
1717017
1717726
1717727
1717733
1718439
1718441
1718442
1718443
1718444
1718449
1718450
1719151
1719153
1719154
1719155
1719156
1719161
1719162
1719865
1719867
1719869
1719870
1719875
1719876
1720575
1720576
1720577
1720578
1720579
1720580
1720585
1720586
1721287
1721288
1721290
1721291
1721295
1721296
1722006
1722009
1722010
1722014
1722015
1722717
1722720
1722721
1722722
1722723
1722724
1722725
1722726
1723431
1723432
1723433
1723434
1723435
1723436
1724145
1724146
1724147
1724148
1724149
1724150
1724859
1724860
1724861
1724862
1724863
1724864
1725567
1725568
1725569
1725570
1725571
1725572
1726278
1726279
1726280
1726281
1726282
1726283
1726991
1726992
1726993
1726994
1726995
1727700
1727708
1727709
1728412
1728420
1728421
1729125
1729133
1729134
1729835
1729843
1729844
1730549
1730550
1730557
1730558
1731260
1731261
1731268
1731269
1731981
1731988
1731989
1732700
1732707
1732708
1733419
1733427
1734134
1734135
1734142
1734844
1736998
1737712
1738426
1738427
1739141
1739142
1739853
1739854
1739855
1740568
1740569
1741281
1741282
1741284
1741995
1741996
1741997
1741998
1742707
1742708
1742709
1742710
1742711
1743414
1743415
1743416
1743417
1744120
1744832
1745540
1746249
1746251
1746968
1746969
1746970
1747682
1747683
1747684
1748395
1748396
1748397
1749110
1749111
1749112
1749819
1749820
1749821
1750539
1750540
1750541
1750542
1751253
1751254
1751255
1751256
1751969
1751970
1751971
1751972
1751973
1752684
1752685
1752686
1752687
1753398
1753399
1753400
1753401
1754107
1754108
1754109
1754110
1754819
1754820
1754821
1754822
1755532
1755533
1755534
1755535
1756181
1756246
1756247
1756248
1756249
1756250
1756895
1756961
1756962
1756963
1756964
1757607
1757608
1757674
1757675
1757676
1757677
1757678
1758323
1758324
1758391
1758392
1758393
1758394
1759038
1759039
1759106
1759107
1759108
1759109
1759754
1759755
1759822
1759823
1759824
1759825
1760462
1760463
1760530
1760531
1760532
1760533
1761177
1761244
1761245
1761246
1761247
1761889
1761890
1761956
1761957
1761958
1761959
1762602
1762603
1762670
1762671
1762672
1763307
1763308
1763375
1763376
1763377
1764024
1764025
1764092
1764093
1764094
1764738
1764739
1764806
1764807
1764808
1765446
1765447
1765514
1765515
1765516
1766156
1766157
1766224
1766225
1766226
1766866
1766935
1766936
1767575
1767644
1767645
1768285
1768354
1768355
1768359
1768997
1769066
1769067
1769071
1769712
1769781
1769782
1769786
1770426
1770495
1770496
1770500
1771137
1771207
1771211
1771212
1771851
1771921
1771925
1771926
1772635
1772639
1772640
1772641
1772642
1772643
1773349
1773353
1773354
1773355
1773356
1773357
1773358
1773359
1774068
1774069
1774070
1774071
1774072
1774073
1774074
1774780
1774781
1774782
1774783
1774784
1774785
1774786
1774787
1775492
1775493
1775494
1775495
1775496
1775497
1775498
1775499
1776207
1776208
1776209
1776210
1776211
1776212
1776213
1776919
1776920
1776921
1776922
1776923
1776924
1776925
1777633
1777634
1777635
1777636
1777637
1777638
1777639
1778344
1778345
1778346
1778347
1778348
1778349
1778350
1778351
1779053
1779054
1779055
1779056
1779057
1779058
1779059
1779060
1779771
1779772
1779773
1779774
1779775
1779776
1779777
1780484
1780485
1780486
1780487
1780488
1780489
1781192
1781193
1781194
1781195
1781196
1781197
1781910
1781911
1781912
1781913
1781914
1781915
1782625
1782626
1782627
1782628
1782629
1782630
1783339
1783340
1783341
1783342
1783343
1783344
1784052
1784053
1784054
1784055
1784056
1784057
1784765
1784766
1784767
1784768
1784769
1784770
1784771
1785481
1785482
1785483
1785484
1785485
1785486
1785487
1786194
1786195
1786196
1786197
1786198
1786199
1786200
1786907
1786908
1786909
1786910
1786911
1786912
1786913
1787623
1787624
1787625
1787626
1787627
1787628
1788334
1788335
1788336
1788337
1788338
1788339
1788340
1789046
1789047
1789048
1789049
1789050
1789051
1789052
1789756
1789757
1789758
1789759
1789760
1789761
1789762
1790475
1790476
1790477
1790478
1790479
1790480
1790481
1791191
1791192
1791193
1791194
1791195
1791196
1791197
1791897
1791898
1791899
1791900
1791901
1791902
1791903
1792613
1792614
1792615
1792616
1792617
1792618
1792619
1793324
1793325
1793326
1793327
1793328
1793329
1793330
1794029
1794030
1794031
1794032
1794033
1794034
1794035
1794036
1794745
1794746
1794747
1794748
1794749
1794750
1794751
1794752
1795465
1795466
1795467
1795468
1795469
1795470
1795471
1796181
1796182
1796183
1796184
1796185
1796186
1796187
1796892
1796893
1796894
1796895
1796896
1796897
1796898
1797603
1797604
1797605
1797606
1797607
1797608
1797609
1798316
1798317
1798318
1798319
1798320
1798321
1798322
1799034
1799035
1799036
1799037
1799038
1799039
1799040
1799747
1799748
1799749
1799750
1799751
1799752
1799753
1800462
1800463
1800464
1800465
1800466
1800467
1800468
1801228
1801230
1801238
1804090
1804808
1805525
1810539
1811957
1812669
1812670
1813371
1813372
1813373
1813374
1813375
1813376
1814801
1816188
1816189
1816190
1816191
1816894
1816895
1816896
1816897
1816898
1816899
1816900
1817607
1817608
1817609
1817610
1817611
1817612
1818322
1818323
1818324
1818325
1818326
1818327
1819034
1819035
1819036
1819037
1819038
1819039
1819747
1819748
1819749
1819750
1819751
1819752
1819753
1820462
1820463
1820464
1820465
1820466
1820467
1820468
1821170
1821171
1821172
1821173
1821174
1821175
1821889
1821890
1821891
1821892
1821893
1821894
1822603
1822604
1822605
1822606
1822607
1822608
1823321
1823322
1823323
1823324
1823325
1823326
1824032
1824033
1824034
1824035
1824036
1824037
1824038
1824747
1824748
1824749
1824750
1824751
1824752
1824753
1825465
1825466
1825467
1825468
1825469
1825470
1825471
1826181
1826182
1826183
1826184
1826185
1826186
1826187
1826895
1826896
1826897
1826898
1826899
1826900
1826901
1827613
1827614
1827615
1827616
1827617
1827618
1828331
1828332
1828333
1828334
1828335
1829049
1829050
1830521
1830522
1831240
1831956
1831957
1831958
1832670
1832671
1832672
1833382
1833383
1833384
1834099
1834100
1834101
1834818
1835529
1837673
1838388
1838389
1839816
1840531
1841248
1841962
1842676
1842677
1843388
1844101
1844815
1844816
1845529
1845530
1846964
1847681
1849116
1849830
1850549
1851265
1851982
1852701
1853417
1854853
1856999
1857000
1858431
1919913
1922796
1925667
1927826
1928546
1931425
1932146
1932864
1933585
1934305
1935023
1935743
1936463
1937182
1937183
1937900
1937901
1938621
1938622
1939341
1939342
1940061
1940782
1941503
1942223
1942944
1943665
1944385
1944386
1945104
1945105
1945825
1945826
1946545
1946546
1947265
1947266
1947986
1947987
1948706
1948707
1949426
1949427
1950145
1950146
1950863
1950864
1951583
1951584
1951585
1952304
1952305
1952306
1953025
1953026
1953027
1953742
1953743
1953744
1954462
1954463
1954464
1955183
1955184
1955904
1955905
1956624
1956625
1957344
1957345
1958063
1958064
1958780
1958781
1958782
1959499
1959500
1960218
1960219
1960220
1960939
1960940
1960941
1961659
1961660
1961661
1962378
1962379
1962380
1963097
1963098
1963099
1963818
1963819
1963820
1964539
1964540
1964541
1965260
1965261
1965262
1965981
1965982
1965983
1966701
1966702
1966703
1967422
1967423
1967424
1968142
1968143
1968144
1968862
1968863
1968864
1969583
1969584
1969585
1970304
1970305
1970306
1971025
1971026
1971746
1971747
1971748
1972467
1972468
1972469
1973187
1973188
1973189
1973908
1973909
1974628
1974629
1975349
1975350
1976070
1976071
1976791
1976792
1977512
1977513
1978232
1978233
1978953
1978954
1979674
1979675
1980395
1980396
1981116
1981117
1981836
1981837
1982557
1982558
1983278
1983279
1983999
1984000
1984720
1984721
1985441
1985442
1986162
1986163
1986883
1986884
1987602
1987603
1988215
1988323
1988324
1989044
1989045
1989765
1990486
1991207
1991208
1991928
1992649
1993370
1994091
1994812
1995533
1996254
1996974
1997695
1998416
1999137
1999858
2000578
2001299
2002020
2002740
2003460
2004179
2004900
2005618
2006338
2007059
2007780
2008501
2073483
2074203
2074204
2074924
2074925
2075645
2075646
2076366
2076367
2077087
2077088
2077808
2078529
2079250
2079971
2080692
2081413
2082134
2082854
2082855
2083575
2083576
2084296
2084297
2085017
2085018
2085735
2085736
2086456
2086457
2087177
2087178
2087898
2087899
2088619
2088620
2089340
2089341
2090061
2090062
2090574
2090575
2090782
2090783
2091503
2091504
2092017
2092224
2092225
2092738
2092739
2092945
2092946
2093666
2093667
2094387
2094388
2095107
2095108
2095109
2095620
2095621
2095622
2095623
2095828
2095829
2095830
2096342
2096343
2096344
2096549
2096550
2096551
2097063
2097064
2097270
2097271
2097272
2097785
2097786
2097991
2097992
2097993
2098507
2098712
2098713
2099227
2099228
2099229
2099433
2099434
2099435
2099947
2099948
2099949
2100155
2100156
2100668
2100669
2100670
2100876
2100877
2101388
2101389
2101390
2101597
2101598
2102110
2102111
2102112
2102316
2102317
2102318
2102829
2102830
2102832
2102833
2103037
2103038
2103039
2103554
2103758
2103759
2103760
2104272
2104273
2104274
2104275
2104479
2104480
2104481
2104993
2104994
2104995
2105198
2105199
2105200
2105201
2105714
2105715
2105716
2105717
2105718
2105919
2105920
2105921
2105922
2106434
2106435
2106436
2106437
2106438
2106640
2106641
2106642
2106643
2107155
2107156
2107157
2107158
2107159
2107160
2107361
2107362
2107363
2107364
2107877
2107878
2107879
2107880
2108082
2108083
2108084
2108085
2108596
2108597
2108598
2108599
2108600
2108601
2108602
2108803
2108804
2108805
2109317
2109318
2109319
2109320
2109321
2109322
2110040
2110041
2110042
2110043
2110044
2110761
2110762
2110763
2110764
2110765
2111481
2111482
2111483
2111484
2111485
2111486
2111487
2111488
2112202
2112203
2112204
2112205
2112206
2112207
2112923
2112924
2112925
2112926
2112927
2112928
2113644
2113645
2113646
2113647
2113648
2113649
2113650
2113651
2114365
2114366
2114367
2114368
2114369
2114370
2115086
2115087
2115088
2115089
2115090
2115091
2115092
2115808
2115809
2115810
2115811
2115812
2115813
2115814
2116527
2116528
2116529
2116530
2116531
2116532
2116533
2116535
2116536
2117248
2117249
2117250
2117251
2117252
2117253
2117254
2117255
2117970
2117971
2117972
2117973
2117974
2117975
2117976
2118691
2118692
2118693
2118694
2118695
2118696
2118697
2119413
2119414
2119415
2119416
2119417
2119418
2119419
2120133
2120134
2120135
2120136
2120137
2120138
2120139
2120855
2120856
2120857
2120858
2120859
2120860
2120861
2120862
2120863
2120864
2121576
2121577
2121578
2121579
2121580
2121581
2121582
2121583
2121585
2121586
2121587
2121588
2121590
2121591
2122296
2122297
2122298
2122299
2122300
2122301
2122302
2122303
2122304
2122305
2122306
2122307
2122308
2122309
2122310
2122311
2123018
2123019
2123020
2123021
2123022
2123023
2123024
2123025
2123026
2123027
2123028
2123029
2123030
2123031
2123738
2123739
2123740
2123741
2123742
2123743
2123744
2123745
2123746
2123747
2123748
2123749
2123750
2124460
2124461
2124462
2124463
2124464
2124465
2124466
2124467
2124468
2124469
2124470
2125181
2125182
2125183
2125184
2125185
2125186
2125187
2125188
2125189
2125190
2125902
2125903
2125904
2125905
2125906
2125907
2125908
2125909
2125910
2126622
2126623
2126624
2126625
2126626
2126627
2126628
2126629
2127343
2127344
2127345
2127346
2127347
2127348
2127349
2128064
2128065
2128066
2128067
2128068
2128069
2128786
2128787
2128788
2128789
2129507
2129508
2129509
2129510
2130228
2130948
2131669
2132389
2185717
2185718
2185719
2185720
2186433
2186434
2186435
2186436
2186437
2187150
2187151
2187152
2187153
2187154
2187871
2187872
2187873
2188591
2188592
2209392
2210109
2210110
2210111
2210826
2210827
2210828
2211543
2211544
2211545
2212262
2212263
2212264
2212977
2212978
2213693
2213694
2214409
2214410
2214411
2214412
2215127
2215128
2215129
2215130
2215131
2215132
2215133
2215842
2215843
2215844
2215845
2215846
2215847
2215848
2216558
2216559
2216560
2216561
2216562
2216563
2217278
2217279
2217280
2217281
2217282
2217283
2217992
2217993
2217994
2217995
2217996
2217997
2217998
2218709
2218710
2218711
2218712
2218713
2218714
2219426
2219427
2219428
2219431
2220143
2220144
2220861
2220862
2220865
2221575
2221576
2221577
2221578
2221579
2222294
2222295
2222296
2222297
2222298
2222299
2223014
2223015
2223016
2223017
2223018
2223019
2223729
2223730
2223731
2223732
2223733
2223734
2224448
2224449
2224450
2224451
2224452
2224453
2225166
2225167
2225168
2225169
2225170
2225171
2225887
2225888
2225889
2225890
2225891
2226604
2226605
2226608
2227320
2227321
2227324
2228039
2228040
2228755
2228756
2228757
2229473
2229474
2229475
2229476
2229477
2230190
2230191
2230192
2230193
2230194
2230908
2230909
2230910
2230911
2230912
2231623
2231624
2231625
2231626
2231627
2231628
2232338
2232339
2232340
2232341
2232342
2232343
2233054
2233055
2233056
2233057
2233058
2233059
2233769
2233770
2233771
2233772
2234488
2234489
2235202
2235203
2235919
2236639
2236640
2237359
2237360
2238078
2238079
2238796
2238797
2239513
2239514
2240232
2240233
2240950
2248845
2258159
2258874
2259591
2260309
2260310
2261025
2261026
2261744
2261745
2262461
2262462
2263176
2263177
2263887
2263888
2264604
2264605
2265320
2265321
2266039
2266040
2266754
2266755
2266756
2267473
2267474
2267475
2268190
2268908
2268909
2268910
2269624
2269625
2269626
2270339
2270340
2270341
2271054
2271055
2271056
2271057
2271771
2271772
2271773
2271774
2272485
2272486
2272487
2272488
2272489
2272490
2272491
2273203
2273206
2273207
2273208
2273209
2273210
2273917
2273918
2273919
2273920
2273921
2273922
2273923
2273924
2274635
2274636
2274637
2274638
2274639
2274640
2274641
2274642
2275354
2275355
2275356
2275357
2275358
2275359
2275360
2275361
2276070
2276071
2276072
2276073
2276074
2276075
2276076
2276077
2276784
2276786
2276787
2276788
2276789
2276790
2276791
2277502
2277503
2277504
2277505
2277506
2277507
2277508
2277509
2278220
2278221
2278222
2278223
2278224
2278225
2278226
2278227
2278940
2278941
2278942
2278943
2278944
2278945
2278946
2278947
2279653
2279654
2279655
2279656
2279657
2279658
2279659
2279660
2279661
2280370
2280371
2280372
2280373
2280374
2280375
2280376
2280377
2281084
2281085
2281086
2281087
2281088
2281089
2281090
2281091
2281801
2281802
2281803
2281804
2281805
2281806
2281807
2281808
2282519
2282520
2282521
2282522
2282523
2282524
2282525
2282526
2283240
2283241
2283242
2283243
2283244
2283245
2283246
2283956
2283957
2283958
2283959
2283960
2283961
2284671
2284672
2284673
2284674
2284675
2284676
2285385
2285386
2285387
2285388
2286102
2286103
2286104
2286105
2286819
2286820
2286821
2286822
2287538
2287539
2287540
2287541
2288248
2288249
2288250
2288251
2288965
2288966
2288967
2288968
2289683
2289684
2289685
2289686
2290401
2290402
2290403
2290404
2291112
2291113
2291114
2291115
2291828
2291829
2291830
2292545
2292546
2292547
2293260
2293261
2293262
2293977
2293978
2293979
2294692
2294693
2294694
2295405
2295406
2295407
2296120
2296121
2296122
2296839
2296840
2296841
2297555
2297556
2297557
2298269
2298270
2298271
2298985
2298986
2298987
2299696
2299697
2299698
2299699
2300413
2300414
2300415
2300416
2301127
2301128
2301129
2301130
2301131
2301841
2301842
2301843
2301844
2301845
2302560
2302561
2302562
2302563
2302564
2303278
2303279
2303280
2303281
2303282
2303994
2303995
2303996
2303997
2304713
2304714
2304715
2304716
2305421
2305422
2305423
2305424
2306132
2306133
2306134
2306135
2306845
2306847
2306848
2307558
2307559
2307561
2307562
2308266
2308267
2308269
2308270
2308983
2308984
2308986
2308987
2309701
2309704
2309705
2310407
2310408
2311119
2311120
2311835
2312542
2313256
2313973
2314690
2316116
2316837
2317553
2318272
2318988
2338873
2339591
2339592
2339594
2339740
2339741
2340305
2340306
2340307
2340308
2340454
2340455
2340456
2341016
2341017
2341018
2341019
2341020
2341021
2341168
2341169
2341170
2341729
2341730
2341731
2341732
2341733
2341734
2341735
2341736
2341883
2341884
2341885
2342439
2342440
2342441
2342443
2342444
2342445
2342446
2342447
2342593
2342594
2342595
2342596
2343153
2343154
2343155
2343156
2343157
2343302
2343303
2343304
2343305
2343867
2343868
2343869
2343870
2343871
2344016
2344017
2344018
2344019
2344574
2344575
2344576
2344577
2344578
2344666
2344724
2344725
2344726
2345282
2345284
2345285
2345286
2345287
2345433
2345434
2345435
2345992
2345993
2345994
2345995
2346143
2346144
2346145
2346701
2346702
2346852
2346853
2346854
2347410
2347411
2347412
2347564
2347565
2347566
2348274
2348275
2348276
2348989
2348990
2348991
2349705
2349706
2349707
2349708
2350418
2350419
2350420
2350421
2351136
2351137
2351138
2351849
2351850
2351851
2351852
2352560
2352561
2352562
2352563
2353273
2353274
2353275
2353993
2353994
2354704
2354706
2354707
2355419
2355420
2355421
2355422
2356136
2363913
2364630
2365340
2366050
2366769
2367485
2368193
2368908
2369620
2370330
2371043
2371757
2372471
2372472
2373182
2373183
2373891
2373892
2374605
2374606
2375317
2375318
2376029
2376030
2376746
2377465
2378179
2378894
2379606
2380320
2384538
2388823
2389536
2391017
2391684
2391734
2392399
2394578
2395235
2395284
2395945
2395994
2396617
2396660
2397375
2397423
2398085
2398133
2398759
2398800
2398848
2399469
2399470
2399471
2399511
2399559
2400185
2400186
2400187
2400188
2400227
2400228
2400276
2400903
2400904
2400905
2400945
2400993
2401611
2401612
2401613
2401652
2401653
2402327
2402328
2402329
2402368
2402369
2403041
2403042
2403043
2403082
2403083
2403084
2403753
2403754
2403793
2403794
2403795
2404464
2404465
2404504
2404505
2404506
2404552
2405218
2405219
2405220
2405266
2405936
2405937
2405938
2405984
2406649
2406650
2406651
2406697
2407364
2407365
2407366
2407412
2408071
2408072
2408073
2408119
2408784
2408785
2408786
2408832
2409497
2409498
2409499
2409545
2410203
2410204
2410205
2410206
2410251
2410913
2410914
2410915
2410960
2411629
2411630
2411631
2412341
2412342
2412343
2413051
2413717
2413718
2413719
2413767
2413768
2414428
2414429
2414430
2414432
2414433
2414434
2414435
2414479
2415143
2415144
2415193
2415194
2415856
2415857
2415907
2415908
2416563
2416613
2416614
2417279
2417280
2417329
2417995
2418045
2420833
2444203
2444913
2445624
2446304
2446336
2447020
2447052
2447730
2447762
2448440
2448472
2449887
2451245
2451949
2451958
2452662
2452667
2454082
2454786
2454789
2455498
2456206
2456209
2456914
2456916
2456917
2457624
2457626
2457627
2458341
2460469
2466140
2466141
2466856
2466857
2467569
2467570
2468275
2468282
2468283
2468989
2468996
2468997
2469707
2469708
2470406
2470407
2470414
2470415
2471124
2471125
2471839
2471840
2472551
2472552
2473264
2473265
2473272
2473982
2473983
2473990
2474706
2475419
2476128
2476845
2476846
2477552
2480404
2480405
2481113
2481114
2481823
2481824
2482536
2482537
2483248
2483249
2483959
2483960
