Sample Indices
Indices Size:
598
Data:
157087
157088
157089
157090
157091
157092
157093
157094
157095
157096
157097
157689
157690
157691
157692
157693
157694
157695
157696
157697
157698
157699
158290
158291
158292
158293
158294
158295
158296
158297
158298
158299
158300
158301
158892
158893
158894
158895
158896
158897
158898
158899
158900
158901
158902
158903
159496
159497
159498
159499
159500
159501
159502
159503
159504
159505
159506
159507
160084
160085
160086
160087
160088
160089
160090
160091
160092
160093
160094
160095
160682
160683
160684
160685
160686
160687
160688
160689
160690
160691
160692
160693
161279
161280
161281
161282
161283
161284
161285
161286
161287
161288
161289
161290
161869
161870
161871
161872
161873
161874
161875
161876
161877
161878
161879
161880
162455
162456
162457
162458
162459
162460
162461
162462
162463
162464
162465
162466
163036
163037
163038
163039
163040
163041
163042
163043
163044
163045
163046
163047
163619
163620
163621
163622
163623
163624
163625
163626
163627
163628
163629
163630
164211
164212
164213
164214
164215
164216
164217
164218
164219
164220
164221
164222
164223
164790
164791
164792
164793
164794
164795
164796
164797
164798
164799
164800
164801
164802
165368
165369
165370
165371
165372
165373
165374
165375
165376
165377
165378
165379
165380
165960
165961
165962
165963
165964
165965
165966
165967
165968
165969
165970
165971
165972
166554
166555
166556
166557
166558
166559
166560
166561
166562
166563
166564
166565
166566
166568
166569
166570
167146
167147
167148
167149
167150
167151
167152
167153
167154
167155
167156
167157
167158
167726
167727
167728
167729
167730
167731
167732
167733
167734
167735
167736
167737
167738
167739
168316
168317
168318
168319
168320
168321
168322
168323
168324
168325
168326
168327
168328
168329
168910
168911
168912
168913
168914
168915
168916
168917
168918
168919
168920
168921
168922
169500
169501
169502
169503
169504
169505
169506
169507
169508
169509
169510
169511
169512
170083
170084
170085
170086
170087
170088
170089
170090
170091
170092
170093
170094
170095
170661
170662
170663
170664
170665
170666
170667
170668
170669
170670
170671
170672
170673
171231
171232
171233
171234
171235
171236
171237
171238
171239
171240
171241
171242
171243
171257
171258
171259
171260
171261
171262
171785
171786
171787
171788
171789
171790
171791
171792
171793
171794
171795
171796
171797
171798
171814
171815
172355
172356
172357
172358
172359
172360
172361
172362
172363
172364
172365
172366
172367
172368
172390
172391
172922
172923
172924
172925
172926
172927
172928
172929
172930
172931
172932
172933
172934
172935
172937
172938
172939
172940
172941
172942
172943
172944
172945
172946
172947
172948
172949
172950
172951
172952
172953
172954
172955
172956
172957
173494
173495
173496
173497
173498
173499
173500
173501
173502
173503
173504
173505
173506
173507
173528
174062
174063
174064
174065
174066
174067
174068
174069
174070
174071
174072
174073
174074
174095
174618
174619
174620
174621
174622
174623
174624
174625
174626
174627
174628
174629
174630
174631
175160
175161
175162
175163
175164
175165
175166
175167
175168
175169
175170
175171
175172
175173
175720
175721
175722
175723
175724
175725
175726
175727
175728
175729
175730
175731
175732
175733
176284
176285
176286
176287
176288
176289
176290
176291
176292
176293
176294
176295
176296
176297
176845
176846
176847
176848
176849
176850
176851
176852
176853
176854
176855
176856
176857
177421
177422
177423
177424
177425
177426
177427
177428
177429
177430
177431
177432
177433
177434
178011
178012
178013
178014
178015
178016
178017
178018
178019
178020
178021
178022
178023
178024
178591
178592
178593
178594
178595
178596
178597
178598
178599
178600
178601
178602
178603
178604
178624
178625
179186
179187
179188
179189
179190
179191
179192
179193
179194
179195
179196
179197
179198
179199
179221
179772
179773
179774
179775
179776
179777
179778
179779
179780
179781
179782
179783
179784
179785
179788
179789
179790
179791
179792
179793
179794
179795
179796
179797
179798
179799
179800
179801
179802
179803
179804
179805
179806
179807
179808
180391
180392
180974
180978
180980
181549
181550
181551
181552
181553
181554
182108
182113
182644
184823
185913
186475
Coefficient of the plane:
0.998495 0.0545586 0.00560945 64.096
Inliers Indices
Indices Size:
598
Data:
157087
157088
157089
157090
157091
157092
157093
157094
157095
157096
157097
157689
157690
157691
157692
157693
157694
157695
157696
157697
157698
157699
158290
158291
158292
158293
158294
158295
158296
158297
158298
158299
158300
158301
158892
158893
158894
158895
158896
158897
158898
158899
158900
158901
158902
158903
159496
159497
159498
159499
159500
159501
159502
159503
159504
159505
159506
159507
160084
160085
160086
160087
160088
160089
160090
160091
160092
160093
160094
160095
160682
160683
160684
160685
160686
160687
160688
160689
160690
160691
160692
160693
161279
161280
161281
161282
161283
161284
161285
161286
161287
161288
161289
161290
161869
161870
161871
161872
161873
161874
161875
161876
161877
161878
161879
161880
162455
162456
162457
162458
162459
162460
162461
162462
162463
162464
162465
162466
163036
163037
163038
163039
163040
163041
163042
163043
163044
163045
163046
163047
163619
163620
163621
163622
163623
163624
163625
163626
163627
163628
163629
163630
164211
164212
164213
164214
164215
164216
164217
164218
164219
164220
164221
164222
164223
164790
164791
164792
164793
164794
164795
164796
164797
164798
164799
164800
164801
164802
165368
165369
165370
165371
165372
165373
165374
165375
165376
165377
165378
165379
165380
165960
165961
165962
165963
165964
165965
165966
165967
165968
165969
165970
165971
165972
166554
166555
166556
166557
166558
166559
166560
166561
166562
166563
166564
166565
166566
166568
166569
166570
167146
167147
167148
167149
167150
167151
167152
167153
167154
167155
167156
167157
167158
167726
167727
167728
167729
167730
167731
167732
167733
167734
167735
167736
167737
167738
167739
168316
168317
168318
168319
168320
168321
168322
168323
168324
168325
168326
168327
168328
168329
168910
168911
168912
168913
168914
168915
168916
168917
168918
168919
168920
168921
168922
169500
169501
169502
169503
169504
169505
169506
169507
169508
169509
169510
169511
169512
170083
170084
170085
170086
170087
170088
170089
170090
170091
170092
170093
170094
170095
170661
170662
170663
170664
170665
170666
170667
170668
170669
170670
170671
170672
170673
171231
171232
171233
171234
171235
171236
171237
171238
171239
171240
171241
171242
171243
171257
171258
171259
171260
171261
171262
171785
171786
171787
171788
171789
171790
171791
171792
171793
171794
171795
171796
171797
171798
171814
171815
172355
172356
172357
172358
172359
172360
172361
172362
172363
172364
172365
172366
172367
172368
172390
172391
172922
172923
172924
172925
172926
172927
172928
172929
172930
172931
172932
172933
172934
172935
172937
172938
172939
172940
172941
172942
172943
172944
172945
172946
172947
172948
172949
172950
172951
172952
172953
172954
172955
172956
172957
173494
173495
173496
173497
173498
173499
173500
173501
173502
173503
173504
173505
173506
173507
173528
174062
174063
174064
174065
174066
174067
174068
174069
174070
174071
174072
174073
174074
174095
174618
174619
174620
174621
174622
174623
174624
174625
174626
174627
174628
174629
174630
174631
175160
175161
175162
175163
175164
175165
175166
175167
175168
175169
175170
175171
175172
175173
175720
175721
175722
175723
175724
175725
175726
175727
175728
175729
175730
175731
175732
175733
176284
176285
176286
176287
176288
176289
176290
176291
176292
176293
176294
176295
176296
176297
176845
176846
176847
176848
176849
176850
176851
176852
176853
176854
176855
176856
176857
177421
177422
177423
177424
177425
177426
177427
177428
177429
177430
177431
177432
177433
177434
178011
178012
178013
178014
178015
178016
178017
178018
178019
178020
178021
178022
178023
178024
178591
178592
178593
178594
178595
178596
178597
178598
178599
178600
178601
178602
178603
178604
178624
178625
179186
179187
179188
179189
179190
179191
179192
179193
179194
179195
179196
179197
179198
179199
179221
179772
179773
179774
179775
179776
179777
179778
179779
179780
179781
179782
179783
179784
179785
179788
179789
179790
179791
179792
179793
179794
179795
179796
179797
179798
179799
179800
179801
179802
179803
179804
179805
179806
179807
179808
180391
180392
180974
180978
180980
181549
181550
181551
181552
181553
181554
182108
182113
182644
184823
185913
186475
