Sample Indices
Indices Size:
1002
Data:
90901
90902
90903
90904
91526
91527
91528
91529
91530
91531
91532
91533
91534
91535
91536
92160
92161
92162
92163
92164
92165
92166
92167
92168
92169
92170
92171
92172
92173
92174
92175
92795
92796
92797
92798
92799
92800
92801
92802
92803
92804
92805
92806
92807
92808
92809
93430
93431
93432
93433
93434
93435
93436
93437
93438
93439
93440
93441
93442
93443
93444
93445
93446
94072
94073
94074
94075
94076
94077
94078
94079
94080
94081
94082
94083
94084
94705
94706
94707
94708
94709
94710
94711
94712
94713
94714
94715
94716
95341
95342
95343
95344
95345
95346
95347
95348
95349
95350
95351
95970
95971
95972
95973
95974
95975
95976
95977
95978
95979
95980
96602
96603
96604
96605
96606
96607
96608
96609
96610
96611
96612
96613
97236
97237
97238
97239
97240
97241
97242
97243
97244
97245
97246
97247
97870
97871
97872
97873
97874
97875
97876
97877
97878
97879
97880
97881
97882
97883
97884
97885
98508
98509
98510
98511
98512
98513
98514
98515
98516
98517
98518
98519
98520
98521
98522
98523
99144
99145
99146
99147
99148
99149
99150
99151
99152
99153
99154
99155
99156
99157
99158
99778
99779
99780
99781
99782
99783
99784
99785
99786
99787
99788
99789
99790
99791
99792
99793
99794
100413
100414
100415
100416
100417
100418
100419
100420
100421
100422
100423
100424
101046
101047
101048
101049
101050
101051
101052
101053
101054
101055
101056
101057
101676
101677
101678
101679
101680
101681
101682
101683
101684
101685
101686
101687
102306
102307
102308
102309
102310
102311
102312
102313
102314
102315
102316
102317
102933
102934
102935
102936
102937
102938
102939
102940
102941
102942
102943
102944
103565
103566
103567
103568
103569
103570
103571
103572
103573
103574
103575
103576
104194
104195
104196
104197
104198
104199
104200
104201
104202
104203
104204
104205
104206
104207
104208
104209
104210
104829
104830
104831
104832
104833
104834
104835
104836
104837
104838
104839
104840
104841
104842
104843
104844
104845
105457
105458
105459
105460
105461
105462
105463
105464
105465
105466
105467
105468
105469
105470
105471
105472
105473
106091
106092
106093
106094
106095
106096
106097
106098
106099
106100
106101
106102
106103
106104
106105
106106
106107
106724
106725
106726
106727
106728
106729
106730
106731
106732
106733
106734
106735
107351
107352
107353
107354
107355
107356
107357
107358
107359
107360
107361
107362
107983
107984
107985
107986
107987
107988
107989
107990
107991
107992
107993
107994
108611
108612
108613
108614
108615
108616
108617
108618
108619
108620
108621
108622
109242
109243
109244
109245
109246
109247
109248
109249
109250
109251
109252
109253
109872
109873
109874
109875
109876
109877
109878
109879
109880
109881
109882
109883
110497
110498
110499
110500
110501
110502
110503
110504
110505
110506
110507
110508
110509
110510
110511
110512
110513
111127
111128
111129
111130
111131
111132
111133
111134
111135
111136
111137
111138
111139
111140
111141
111142
111143
111758
111759
111760
111761
111762
111763
111764
111765
111766
111767
111768
111769
111770
111771
111772
111773
111774
111775
112390
112391
112392
112393
112394
112395
112396
112397
112398
112399
112400
112401
112402
112403
112404
112405
112406
113027
113028
113029
113030
113031
113032
113033
113034
113035
113036
113037
113038
113656
113657
113658
113659
113660
113661
113662
113663
113664
113665
113666
113667
114286
114287
114288
114289
114290
114291
114292
114293
114294
114295
114296
114297
114298
114910
114911
114912
114913
114914
114915
114916
114917
114918
114919
114920
114921
114922
115533
115534
115535
115536
115537
115538
115539
115540
115541
115542
115543
115544
116154
116155
116156
116157
116158
116159
116160
116161
116162
116163
116164
116165
116773
116774
116775
116776
116777
116778
116779
116780
116781
116782
116783
116784
116785
116786
116787
116788
116789
117397
117398
117399
117400
117401
117402
117403
117404
117405
117406
117407
117408
117409
117410
117411
117412
117413
118023
118024
118025
118026
118027
118028
118029
118030
118031
118032
118033
118034
118035
118036
118037
118038
118039
118040
118654
118655
118656
118657
118658
118659
118660
118661
118662
118663
118664
118665
118666
118667
118668
118669
118670
118671
119279
119280
119281
119282
119283
119284
119285
119286
119287
119288
119289
119290
119905
119906
119907
119908
119909
119910
119911
119912
119913
119914
119915
119916
120531
120532
120533
120534
120535
120536
120537
120538
120539
120540
120541
120542
120543
121158
121159
121160
121161
121162
121163
121164
121165
121166
121167
121168
121169
121170
121777
121778
121779
121780
121781
121782
121783
121784
121785
121786
121787
121788
121789
122392
122393
122394
122395
122396
122397
122398
122399
122400
122401
122402
122403
123009
123010
123011
123012
123013
123014
123015
123016
123017
123018
123019
123020
123021
123022
123023
123024
123025
123026
123635
123636
123637
123638
123639
123640
123641
123642
123643
123644
123645
123646
123647
123648
123649
123650
123651
123652
124263
124264
124265
124266
124267
124268
124269
124270
124271
124272
124273
124274
124877
124878
124879
124880
124881
124882
124883
124884
124885
124886
124887
124888
125498
125499
125500
125501
125502
125503
125504
125505
125506
125507
125508
125509
125510
126122
126123
126124
126125
126126
126127
126128
126129
126130
126131
126132
126133
126134
126746
126747
126748
126749
126750
126751
126752
126753
126754
126755
126756
126757
126758
127369
127370
127371
127372
127373
127374
127375
127376
127377
127378
127379
127380
127381
127382
127383
127384
127385
127998
127999
128000
128001
128002
128003
128004
128005
128006
128007
128008
128009
128010
128011
128012
128013
128014
128015
128620
128621
128622
128623
128624
128625
128626
128627
128628
128629
128630
128631
128632
129243
129244
129245
129246
129247
129248
129249
129250
129251
129252
129253
129254
129255
129861
129862
129863
129864
129865
129866
129867
129868
129869
129870
129871
129872
130479
130480
130481
130482
130483
130484
130485
130486
130487
130488
130489
130490
130491
131098
131099
131100
131101
131102
131103
131104
131105
131106
131107
131108
131109
131110
131111
131112
131113
131114
131115
131718
131719
131720
131721
131722
131723
131724
131725
131726
131727
131728
131729
131730
131731
131732
131733
131734
132327
132328
132329
132330
132331
132332
132333
132334
132335
132336
132337
132338
132943
132944
132945
132946
132947
132948
132949
132950
132951
132952
132953
132954
132955
133563
133564
133565
133566
133567
133568
133569
133570
133571
133572
133573
133574
133575
134187
134188
134189
134190
134191
134192
134193
134194
134195
134196
134197
134198
134199
134200
134201
134202
134203
134808
134809
134810
134811
134812
134813
134814
134815
134816
134817
134818
134819
134820
134821
134822
134823
134824
136055
136056
136057
136058
136059
136060
136061
136062
136063
136064
136065
136066
Coefficient of the plane:
0.141259 -0.989746 0.0211759 119.208
Inliers Indices
Indices Size:
1002
Data:
90901
90902
90903
90904
91526
91527
91528
91529
91530
91531
91532
91533
91534
91535
91536
92160
92161
92162
92163
92164
92165
92166
92167
92168
92169
92170
92171
92172
92173
92174
92175
92795
92796
92797
92798
92799
92800
92801
92802
92803
92804
92805
92806
92807
92808
92809
93430
93431
93432
93433
93434
93435
93436
93437
93438
93439
93440
93441
93442
93443
93444
93445
93446
94072
94073
94074
94075
94076
94077
94078
94079
94080
94081
94082
94083
94084
94705
94706
94707
94708
94709
94710
94711
94712
94713
94714
94715
94716
95341
95342
95343
95344
95345
95346
95347
95348
95349
95350
95351
95970
95971
95972
95973
95974
95975
95976
95977
95978
95979
95980
96602
96603
96604
96605
96606
96607
96608
96609
96610
96611
96612
96613
97236
97237
97238
97239
97240
97241
97242
97243
97244
97245
97246
97247
97870
97871
97872
97873
97874
97875
97876
97877
97878
97879
97880
97881
97882
97883
97884
97885
98508
98509
98510
98511
98512
98513
98514
98515
98516
98517
98518
98519
98520
98521
98522
98523
99144
99145
99146
99147
99148
99149
99150
99151
99152
99153
99154
99155
99156
99157
99158
99778
99779
99780
99781
99782
99783
99784
99785
99786
99787
99788
99789
99790
99791
99792
99793
99794
100413
100414
100415
100416
100417
100418
100419
100420
100421
100422
100423
100424
101046
101047
101048
101049
101050
101051
101052
101053
101054
101055
101056
101057
101676
101677
101678
101679
101680
101681
101682
101683
101684
101685
101686
101687
102306
102307
102308
102309
102310
102311
102312
102313
102314
102315
102316
102317
102933
102934
102935
102936
102937
102938
102939
102940
102941
102942
102943
102944
103565
103566
103567
103568
103569
103570
103571
103572
103573
103574
103575
103576
104194
104195
104196
104197
104198
104199
104200
104201
104202
104203
104204
104205
104206
104207
104208
104209
104210
104829
104830
104831
104832
104833
104834
104835
104836
104837
104838
104839
104840
104841
104842
104843
104844
104845
105457
105458
105459
105460
105461
105462
105463
105464
105465
105466
105467
105468
105469
105470
105471
105472
105473
106091
106092
106093
106094
106095
106096
106097
106098
106099
106100
106101
106102
106103
106104
106105
106106
106107
106724
106725
106726
106727
106728
106729
106730
106731
106732
106733
106734
106735
107351
107352
107353
107354
107355
107356
107357
107358
107359
107360
107361
107362
107983
107984
107985
107986
107987
107988
107989
107990
107991
107992
107993
107994
108611
108612
108613
108614
108615
108616
108617
108618
108619
108620
108621
108622
109242
109243
109244
109245
109246
109247
109248
109249
109250
109251
109252
109253
109872
109873
109874
109875
109876
109877
109878
109879
109880
109881
109882
109883
110497
110498
110499
110500
110501
110502
110503
110504
110505
110506
110507
110508
110509
110510
110511
110512
110513
111127
111128
111129
111130
111131
111132
111133
111134
111135
111136
111137
111138
111139
111140
111141
111142
111143
111758
111759
111760
111761
111762
111763
111764
111765
111766
111767
111768
111769
111770
111771
111772
111773
111774
111775
112390
112391
112392
112393
112394
112395
112396
112397
112398
112399
112400
112401
112402
112403
112404
112405
112406
113027
113028
113029
113030
113031
113032
113033
113034
113035
113036
113037
113038
113656
113657
113658
113659
113660
113661
113662
113663
113664
113665
113666
113667
114286
114287
114288
114289
114290
114291
114292
114293
114294
114295
114296
114297
114298
114910
114911
114912
114913
114914
114915
114916
114917
114918
114919
114920
114921
114922
115533
115534
115535
115536
115537
115538
115539
115540
115541
115542
115543
115544
116154
116155
116156
116157
116158
116159
116160
116161
116162
116163
116164
116165
116773
116774
116775
116776
116777
116778
116779
116780
116781
116782
116783
116784
116785
116786
116787
116788
116789
117397
117398
117399
117400
117401
117402
117403
117404
117405
117406
117407
117408
117409
117410
117411
117412
117413
118023
118024
118025
118026
118027
118028
118029
118030
118031
118032
118033
118034
118035
118036
118037
118038
118039
118040
118654
118655
118656
118657
118658
118659
118660
118661
118662
118663
118664
118665
118666
118667
118668
118669
118670
118671
119279
119280
119281
119282
119283
119284
119285
119286
119287
119288
119289
119290
119905
119906
119907
119908
119909
119910
119911
119912
119913
119914
119915
119916
120531
120532
120533
120534
120535
120536
120537
120538
120539
120540
120541
120542
120543
121158
121159
121160
121161
121162
121163
121164
121165
121166
121167
121168
121169
121170
121777
121778
121779
121780
121781
121782
121783
121784
121785
121786
121787
121788
121789
122392
122393
122394
122395
122396
122397
122398
122399
122400
122401
122402
122403
123009
123010
123011
123012
123013
123014
123015
123016
123017
123018
123019
123020
123021
123022
123023
123024
123025
123026
123635
123636
123637
123638
123639
123640
123641
123642
123643
123644
123645
123646
123647
123648
123649
123650
123651
123652
124263
124264
124265
124266
124267
124268
124269
124270
124271
124272
124273
124274
124877
124878
124879
124880
124881
124882
124883
124884
124885
124886
124887
124888
125498
125499
125500
125501
125502
125503
125504
125505
125506
125507
125508
125509
125510
126122
126123
126124
126125
126126
126127
126128
126129
126130
126131
126132
126133
126134
126746
126747
126748
126749
126750
126751
126752
126753
126754
126755
126756
126757
126758
127369
127370
127371
127372
127373
127374
127375
127376
127377
127378
127379
127380
127381
127382
127383
127384
127385
127998
127999
128000
128001
128002
128003
128004
128005
128006
128007
128008
128009
128010
128011
128012
128013
128014
128015
128620
128621
128622
128623
128624
128625
128626
128627
128628
128629
128630
128631
128632
129243
129244
129245
129246
129247
129248
129249
129250
129251
129252
129253
129254
129255
129861
129862
129863
129864
129865
129866
129867
129868
129869
129870
129871
129872
130479
130480
130481
130482
130483
130484
130485
130486
130487
130488
130489
130490
130491
131098
131099
131100
131101
131102
131103
131104
131105
131106
131107
131108
131109
131110
131111
131112
131113
131114
131115
131718
131719
131720
131721
131722
131723
131724
131725
131726
131727
131728
131729
131730
131731
131732
131733
131734
132327
132328
132329
132330
132331
132332
132333
132334
132335
132336
132337
132338
132943
132944
132945
132946
132947
132948
132949
132950
132951
132952
132953
132954
132955
133563
133564
133565
133566
133567
133568
133569
133570
133571
133572
133573
133574
133575
134187
134188
134189
134190
134191
134192
134193
134194
134195
134196
134197
134198
134199
134200
134201
134202
134203
134808
134809
134810
134811
134812
134813
134814
134815
134816
134817
134818
134819
134820
134821
134822
134823
134824
136055
136056
136057
136058
136059
136060
136061
136062
136063
136064
136065
136066
